0.000000 1.000000000000
0.185000 0.000002908178
0.265000 0.000005302524
0.315000 0.000002409085
0.365000 0.000003001485
0.415000 0.000003474139
0.455000 0.000002145942
0.525000 0.000004304590
0.555000 0.000002524970
0.585000 0.000003694031
0.615000 0.000003391330
0.635000 0.000001851394
0.665000 0.000003325327
0.695000 0.000002428036
0.735000 0.000003937313
0.765000 0.000003577234
0.785000 0.000003837918
0.805000 0.000002161766
0.825000 0.000003308367
0.845000 0.000003321686
0.865000 0.000005021470
0.905000 0.000002787557
0.925000 0.000003817773
0.945000 0.000004097205
0.955000 0.000003199556
0.995000 0.000004200817
1.015000 0.000003815328
1.045000 0.000003847456
1.065000 0.000004395025
1.075000 0.000003472771
1.095000 0.000003676860
1.105000 0.000003824141
1.125000 0.000004505532
1.135000 0.000003144876
1.165000 0.000002868002
1.185000 0.000004656003
1.195000 0.000004995683
1.215000 0.000004326507
1.225000 0.000004423624
1.235000 0.000004042328
1.255000 0.000004095131
1.275000 0.000003662427
1.295000 0.000004352979
1.305000 0.000004323320
1.315000 0.000005752103
1.335000 0.000004708320
1.345000 0.000004416851
1.355000 0.000004380671
1.385000 0.000005383592
1.395000 0.000005303310
1.405000 0.000005956584
1.415000 0.000004291646
1.445000 0.000005726777
1.455000 0.000005159757
1.475000 0.000005320264
1.485000 0.000005278848
1.505000 0.000004957061
1.515000 0.000003601677
1.525000 0.000004848067
1.535000 0.000005444796
1.545000 0.000004568264
1.565000 0.000005626142
1.575000 0.000005513790
1.585000 0.000005783567
1.595000 0.000005741134
1.615000 0.000006635530
1.625000 0.000005365233
1.635000 0.000004721088
1.655000 0.000006715398
1.665000 0.000007240671
1.675000 0.000005147984
1.685000 0.000005226129
1.695000 0.000005947897
1.705000 0.000006289580
1.715000 0.000006887725
1.735000 0.000004611391
1.745000 0.000005917453
1.755000 0.000005273679
1.765000 0.000005480668
1.785000 0.000005478906
1.795000 0.000005784053
1.805000 0.000005435605
1.815000 0.000005783382
1.825000 0.000006063950
1.835000 0.000006151438
1.845000 0.000005953132
1.855000 0.000006433186
1.865000 0.000005951837
1.885000 0.000005961138
1.895000 0.000006218235
1.905000 0.000007041696
1.915000 0.000005377774
1.925000 0.000006143112
1.935000 0.000006502020
1.965000 0.000005944661
1.975000 0.000006724533
1.985000 0.000006374435
1.995000 0.000006504359
2.005000 0.000006421596
2.025000 0.000005868664
2.035000 0.000006746468
2.045000 0.000006375663
2.065000 0.000007217515
2.075000 0.000007032581
2.085000 0.000006928315
2.095000 0.000006725859
2.105000 0.000007282629
2.115000 0.000006752448
2.125000 0.000008889839
2.135000 0.000007010158
2.155000 0.000007804104
2.165000 0.000007213846
2.175000 0.000007724039
2.185000 0.000006516742
2.195000 0.000007858811
2.205000 0.000008907475
2.215000 0.000009942987
2.225000 0.000008258839
2.235000 0.000008681488
2.245000 0.000007326260
2.255000 0.000008063025
2.265000 0.000006911178
2.275000 0.000008459636
2.285000 0.000007542526
2.295000 0.000008098912
2.315000 0.000007601133
2.325000 0.000009517008
2.335000 0.000012714194
2.345000 0.000008507447
2.355000 0.000008939800
2.365000 0.000009877049
2.375000 0.000008857064
2.385000 0.000010242933
2.395000 0.000006467278
2.405000 0.000009701935
2.415000 0.000008974007
2.425000 0.000008493072
2.435000 0.000009338876
2.455000 0.000009354031
2.465000 0.000009531494
2.475000 0.000009190012
2.485000 0.000009884088
2.495000 0.000010179527
2.505000 0.000010432680
2.515000 0.000010027100
2.525000 0.000010430244
2.535000 0.000010441914
2.545000 0.000010460608
2.555000 0.000009558019
2.565000 0.000008072069
2.575000 0.000010817972
2.585000 0.000009311698
2.595000 0.000011391448
2.615000 0.000010568546
2.625000 0.000010656430
2.635000 0.000011243786
2.645000 0.000009526145
2.655000 0.000010383237
2.665000 0.000009713619
2.675000 0.000011334725
2.685000 0.000011963317
2.695000 0.000010230282
2.705000 0.000012538008
2.715000 0.000011208931
2.725000 0.000011372644
2.735000 0.000011964094
2.745000 0.000010666951
2.755000 0.000011377529
2.765000 0.000009370112
2.775000 0.000012297236
2.785000 0.000012460366
2.795000 0.000012987574
2.805000 0.000011496781
2.815000 0.000012537833
2.825000 0.000011537773
2.835000 0.000011891737
2.845000 0.000012219242
2.865000 0.000012349599
2.875000 0.000012686950
2.885000 0.000014359731
2.895000 0.000012721868
2.905000 0.000012940733
2.915000 0.000012168523
2.925000 0.000013853082
2.935000 0.000014877144
2.945000 0.000014991770
2.955000 0.000010662918
2.965000 0.000013840216
2.975000 0.000014441671
2.985000 0.000013646065
2.995000 0.000013545868
3.005000 0.000015347125
3.015000 0.000014892372
3.025000 0.000014750461
3.035000 0.000016403639
3.045000 0.000014256292
3.055000 0.000015257226
3.065000 0.000013022898
3.075000 0.000014252819
3.095000 0.000015675516
3.105000 0.000015822733
3.115000 0.000016151921
3.125000 0.000016327239
3.135000 0.000014960630
3.145000 0.000017325029
3.155000 0.000015946165
3.165000 0.000016088233
3.175000 0.000017650084
3.185000 0.000015264203
3.195000 0.000017311711
3.205000 0.000016664944
3.215000 0.000016827782
3.225000 0.000018689710
3.235000 0.000018763532
3.245000 0.000016673736
3.255000 0.000015890063
3.265000 0.000018081156
3.275000 0.000019012115
3.285000 0.000018511391
3.295000 0.000018745283
3.305000 0.000018584066
3.315000 0.000016063373
3.325000 0.000018018848
3.335000 0.000019974291
3.345000 0.000014897435
3.355000 0.000018397325
3.365000 0.000018877064
3.375000 0.000019552604
3.385000 0.000020951609
3.395000 0.000019679492
3.405000 0.000017744123
3.415000 0.000019170254
3.425000 0.000019640875
3.435000 0.000021742469
3.445000 0.000021074825
3.455000 0.000021704613
3.465000 0.000018000090
3.475000 0.000021374829
3.485000 0.000020772278
3.495000 0.000024721736
3.505000 0.000022323460
3.515000 0.000022211652
3.525000 0.000022564414
3.535000 0.000022455385
3.545000 0.000022019152
3.555000 0.000024149981
3.565000 0.000022449770
3.575000 0.000024543124
3.585000 0.000023318674
3.595000 0.000024175194
3.605000 0.000023237715
3.615000 0.000023419113
3.625000 0.000027487834
3.635000 0.000025484907
3.645000 0.000024548954
3.655000 0.000026458489
3.665000 0.000025852618
3.675000 0.000025431471
3.685000 0.000028186073
3.695000 0.000025531537
3.705000 0.000028198058
3.715000 0.000027417794
3.725000 0.000024543020
3.735000 0.000028865533
3.745000 0.000026079290
3.755000 0.000029526915
3.765000 0.000022601908
3.775000 0.000029626676
3.785000 0.000028586371
3.795000 0.000031442667
3.805000 0.000029394374
3.815000 0.000029718304
3.825000 0.000031665491
3.835000 0.000030482181
3.845000 0.000032128452
3.855000 0.000031264916
3.865000 0.000032241651
3.875000 0.000030848337
3.885000 0.000033469686
3.895000 0.000030661849
3.905000 0.000031878088
3.915000 0.000034060633
3.925000 0.000031422098
3.935000 0.000031053803
3.945000 0.000033997586
3.955000 0.000034402846
3.965000 0.000034155041
3.975000 0.000037783480
3.985000 0.000035777934
3.995000 0.000033472240
4.005000 0.000037198310
4.015000 0.000035048740
4.025000 0.000037466288
4.035000 0.000036241772
4.045000 0.000036472003
4.055000 0.000038680334
4.065000 0.000035655162
4.075000 0.000035911003
4.085000 0.000039398704
4.095000 0.000040179158
4.105000 0.000039084592
4.115000 0.000042315587
4.125000 0.000042940873
4.135000 0.000039991582
4.145000 0.000037959252
4.155000 0.000040370016
4.165000 0.000040842797
4.175000 0.000039510287
4.185000 0.000044136342
4.195000 0.000039267202
4.205000 0.000043298382
4.215000 0.000044007919
4.225000 0.000046068278
4.235000 0.000044238057
4.245000 0.000048120135
4.255000 0.000044601534
4.265000 0.000046396631
4.275000 0.000048988629
4.285000 0.000048051008
4.295000 0.000050326577
4.305000 0.000047349066
4.315000 0.000048135894
4.325000 0.000047668127
4.335000 0.000054759334
4.345000 0.000050688778
4.355000 0.000050389494
4.365000 0.000052931193
4.375000 0.000053295745
4.385000 0.000051542325
4.395000 0.000052130987
4.405000 0.000054235723
4.415000 0.000051083610
4.425000 0.000052132121
4.435000 0.000049501114
4.445000 0.000054180841
4.455000 0.000053694194
4.465000 0.000055962710
4.475000 0.000054189598
4.485000 0.000053753796
4.495000 0.000054605014
4.505000 0.000057103322
4.515000 0.000059336360
4.525000 0.000061629788
4.535000 0.000057626173
4.545000 0.000059932920
4.555000 0.000063741960
4.565000 0.000059148944
4.575000 0.000062851857
4.585000 0.000059637925
4.595000 0.000055317817
4.605000 0.000061338952
4.615000 0.000065276111
4.625000 0.000059560924
4.635000 0.000065620710
4.645000 0.000063764248
4.655000 0.000060211692
4.665000 0.000059255760
4.675000 0.000063309312
4.685000 0.000064892855
4.695000 0.000059986833
4.705000 0.000063034517
4.715000 0.000057932821
4.725000 0.000067516630
4.735000 0.000065952793
4.745000 0.000071158492
4.755000 0.000068281217
4.765000 0.000068473730
4.775000 0.000069306080
4.785000 0.000076155006
4.795000 0.000074713512
4.805000 0.000075510059
4.815000 0.000067614945
4.825000 0.000070505086
4.835000 0.000078273376
4.845000 0.000072207830
4.855000 0.000072034201
4.865000 0.000072849300
4.875000 0.000079105427
4.885000 0.000079743050
4.895000 0.000075107809
4.905000 0.000075184066
4.915000 0.000077111284
4.925000 0.000074138811
4.935000 0.000078565753
4.945000 0.000078799511
4.955000 0.000083890739
4.965000 0.000081608917
4.975000 0.000075102169
4.985000 0.000075271766
4.995000 0.000076843783
5.005000 0.000078941828
5.015000 0.000078974544
5.025000 0.000080093954
5.035000 0.000082203436
5.045000 0.000078009263
5.055000 0.000084026583
5.065000 0.000079639838
5.075000 0.000079749736
5.085000 0.000081639955
5.095000 0.000080382955
5.105000 0.000092822256
5.115000 0.000073424845
5.125000 0.000084225607
5.135000 0.000081526120
5.145000 0.000088092298
5.155000 0.000083598037
5.165000 0.000086289988
5.175000 0.000087025942
5.185000 0.000079624073
5.195000 0.000082936459
5.205000 0.000082806000
5.215000 0.000089231060
5.225000 0.000086831426
5.235000 0.000084898318
5.245000 0.000086720845
5.255000 0.000084029521
5.265000 0.000084090476
5.275000 0.000085932792
5.285000 0.000082029136
5.295000 0.000088882701
5.305000 0.000084275467
5.315000 0.000089407012
5.325000 0.000077971618
5.335000 0.000085567538
5.345000 0.000082309340
5.355000 0.000083789335
5.365000 0.000083751688
5.375000 0.000081557425
5.385000 0.000084595010
5.395000 0.000079548595
5.405000 0.000083531975
5.415000 0.000086427242
5.425000 0.000075484498
5.435000 0.000081805894
5.445000 0.000081661312
5.455000 0.000086676511
5.465000 0.000084524741
5.475000 0.000084344189
5.485000 0.000087787632
5.495000 0.000081574448
5.505000 0.000086974971
5.515000 0.000087334780
5.525000 0.000080504179
5.535000 0.000080550037
5.545000 0.000083451866
5.555000 0.000080333818
5.565000 0.000086022061
5.575000 0.000084650867
5.585000 0.000083280052
5.595000 0.000082115549
5.605000 0.000080051502
5.615000 0.000079828679
5.625000 0.000078779310
5.635000 0.000085309408
5.645000 0.000085467470
5.655000 0.000083356189
5.665000 0.000079255624
5.675000 0.000084815524
5.685000 0.000077877615
5.695000 0.000082209926
5.705000 0.000084301446
5.715000 0.000084109954
5.725000 0.000086669108
5.735000 0.000081738639
5.745000 0.000083225714
5.755000 0.000082300474
5.765000 0.000078727411
5.775000 0.000080999619
5.785000 0.000081358967
5.795000 0.000076812241
5.805000 0.000079711573
5.815000 0.000078408155
5.825000 0.000079758602
5.835000 0.000079418536
5.845000 0.000081114297
5.855000 0.000075850256
5.865000 0.000073093419
5.875000 0.000079791496
5.885000 0.000080754989
5.895000 0.000082021877
5.905000 0.000076672405
5.915000 0.000077619768
5.925000 0.000074552969
5.935000 0.000079643607
5.945000 0.000077232582
5.955000 0.000070294388
5.965000 0.000075437714
5.975000 0.000074865383
5.985000 0.000079988295
5.995000 0.000079081856
6.005000 0.000073315302
6.015000 0.000080790260
6.025000 0.000071631150
6.035000 0.000078496077
6.045000 0.000069750726
6.055000 0.000075568739
6.065000 0.000075302182
6.075000 0.000071318011
6.085000 0.000075866624
6.095000 0.000071782465
6.105000 0.000073882281
6.115000 0.000076323015
6.125000 0.000071222117
6.135000 0.000071379658
6.145000 0.000074843647
6.155000 0.000070442990
6.165000 0.000069450928
6.175000 0.000076493846
6.185000 0.000069309970
6.195000 0.000072289556
6.205000 0.000074493659
6.215000 0.000069836961
6.225000 0.000072500895
6.235000 0.000069723953
6.245000 0.000067481127
6.255000 0.000070379530
6.265000 0.000068410557
6.275000 0.000069802343
6.285000 0.000072245319
6.295000 0.000068848216
6.305000 0.000071728544
6.315000 0.000073500944
6.325000 0.000068285969
6.335000 0.000071011494
6.345000 0.000068358166
6.355000 0.000070688617
6.365000 0.000068972216
6.375000 0.000067556890
6.385000 0.000066992206
6.395000 0.000066192984
6.405000 0.000067758936
6.415000 0.000066376222
6.425000 0.000069491616
6.435000 0.000069459419
6.445000 0.000068070787
6.455000 0.000067946241
6.465000 0.000067843977
6.475000 0.000065188680
6.485000 0.000064364534
6.495000 0.000064800073
6.505000 0.000065920389
6.515000 0.000063937652
6.525000 0.000067885901
6.535000 0.000065002644
6.545000 0.000065250423
6.555000 0.000065897999
6.565000 0.000062749632
6.575000 0.000068199741
6.585000 0.000063380676
6.595000 0.000064093859
6.605000 0.000068053014
6.615000 0.000064261276
6.625000 0.000062663837
6.635000 0.000064855868
6.645000 0.000063011936
6.655000 0.000064542868
6.665000 0.000064560639
6.675000 0.000063900801
6.685000 0.000061191155
6.695000 0.000062924507
6.705000 0.000064630086
6.715000 0.000063420386
6.725000 0.000059050624
6.735000 0.000062778359
6.745000 0.000064473957
6.755000 0.000064928059
6.765000 0.000063805360
6.775000 0.000061042405
6.785000 0.000061523359
6.795000 0.000060527454
6.805000 0.000064597690
6.815000 0.000061273148
6.825000 0.000062590888
6.835000 0.000059351660
6.845000 0.000064031370
6.855000 0.000062820006
6.865000 0.000061877984
6.875000 0.000061262473
6.885000 0.000060433893
6.895000 0.000063729267
6.905000 0.000061277496
6.915000 0.000061782519
6.925000 0.000058409688
6.935000 0.000060196247
6.945000 0.000061502231
6.955000 0.000060117117
6.965000 0.000059018126
6.975000 0.000060936443
6.985000 0.000063248124
6.995000 0.000060546229
7.005000 0.000056667339
7.015000 0.000059670658
7.025000 0.000057297863
7.035000 0.000059854588
7.045000 0.000061994643
7.055000 0.000058039015
7.065000 0.000059807121
7.075000 0.000059379918
7.085000 0.000058679800
7.095000 0.000061054563
7.105000 0.000058986142
7.115000 0.000060836143
7.125000 0.000056518381
7.135000 0.000057564092
7.145000 0.000058882961
7.155000 0.000059510451
7.165000 0.000060479718
7.175000 0.000056963539
7.185000 0.000059677317
7.195000 0.000061372224
7.205000 0.000060316006
7.215000 0.000057258067
7.225000 0.000059534137
7.235000 0.000060591410
7.245000 0.000061539849
7.255000 0.000057349788
7.265000 0.000058828029
7.275000 0.000058130899
7.285000 0.000054587364
7.295000 0.000057915705
7.305000 0.000062065667
7.315000 0.000057590658
7.325000 0.000055993347
7.335000 0.000057174657
7.345000 0.000059576852
7.355000 0.000059529490
7.365000 0.000059246532
7.375000 0.000053873708
7.385000 0.000059388223
7.395000 0.000057294946
7.405000 0.000056509261
7.415000 0.000058126310
7.425000 0.000057807506
7.435000 0.000057843318
7.445000 0.000057672346
7.455000 0.000057673510
7.465000 0.000059417520
7.475000 0.000056547614
7.485000 0.000058351009
7.495000 0.000058109415
7.505000 0.000058115071
7.515000 0.000059804856
7.525000 0.000057750594
7.535000 0.000057319609
7.545000 0.000057150739
7.555000 0.000056621098
7.565000 0.000056231734
7.575000 0.000055623137
7.585000 0.000056177576
7.595000 0.000057414009
7.605000 0.000058436093
7.615000 0.000055456609
7.625000 0.000057600169
7.635000 0.000054117335
7.645000 0.000056996316
7.655000 0.000055475681
7.665000 0.000053538260
7.675000 0.000055369707
7.685000 0.000056271079
7.695000 0.000056104576
7.705000 0.000056791210
7.715000 0.000056078490
7.725000 0.000057670487
7.735000 0.000053175684
7.745000 0.000058050117
7.755000 0.000059121594
7.765000 0.000056987255
7.775000 0.000055853239
7.785000 0.000058199732
7.795000 0.000056156411
7.805000 0.000055910379
7.815000 0.000056432805
7.825000 0.000056061849
7.835000 0.000055323689
7.845000 0.000056957154
7.855000 0.000056416252
7.865000 0.000054789125
7.875000 0.000055408826
7.885000 0.000055726562
7.895000 0.000055100778
7.905000 0.000057039839
7.915000 0.000055919073
7.925000 0.000057710213
7.935000 0.000057187685
7.945000 0.000056389244
7.955000 0.000056961933
7.965000 0.000055670528
7.975000 0.000054709965
7.985000 0.000057364281
7.995000 0.000054742562
8.005000 0.000055253994
8.015000 0.000056497936
8.025000 0.000054703406
8.035000 0.000055342889
8.045000 0.000054469132
8.055000 0.000053521021
8.065000 0.000055942704
8.075000 0.000056438470
8.085000 0.000056960681
8.095000 0.000055366722
8.105000 0.000056785115
8.115000 0.000056075602
8.125000 0.000056449726
8.135000 0.000054934474
8.145000 0.000053555405
8.155000 0.000055935878
8.165000 0.000054218474
8.175000 0.000054706030
8.185000 0.000055851727
8.195000 0.000055737281
8.205000 0.000053739707
8.215000 0.000057150809
8.225000 0.000057457918
8.235000 0.000056684626
8.245000 0.000058178537
8.255000 0.000056799333
8.265000 0.000055567305
8.275000 0.000057965205
8.285000 0.000057768203
8.295000 0.000058098153
8.305000 0.000056716218
8.315000 0.000054217904
8.325000 0.000057333502
8.335000 0.000055420963
8.345000 0.000055285678
8.355000 0.000055488509
8.365000 0.000060007177
8.375000 0.000057812899
8.385000 0.000056459693
8.395000 0.000057715884
8.405000 0.000055060245
8.415000 0.000059142087
8.425000 0.000055973269
8.435000 0.000057422068
8.445000 0.000055481318
8.455000 0.000056652933
8.465000 0.000058257953
8.475000 0.000055438649
8.485000 0.000055619670
8.495000 0.000054840827
8.505000 0.000057016806
8.515000 0.000057214127
8.525000 0.000055220391
8.535000 0.000053117149
8.545000 0.000057714223
8.555000 0.000057235630
8.565000 0.000058111469
8.575000 0.000058449684
8.585000 0.000056608504
8.595000 0.000055630492
8.605000 0.000054079002
8.615000 0.000058699887
8.625000 0.000055119848
8.635000 0.000056969916
8.645000 0.000054747476
8.655000 0.000058570363
8.665000 0.000056661535
8.675000 0.000056768722
8.685000 0.000057593626
8.695000 0.000055979571
8.705000 0.000059374229
8.715000 0.000057458980
8.725000 0.000058800548
8.735000 0.000058798494
8.745000 0.000057345091
8.755000 0.000059192969
8.765000 0.000058404153
8.775000 0.000058157605
8.785000 0.000058122879
8.795000 0.000059167095
8.805000 0.000058223893
8.815000 0.000055538692
8.825000 0.000057075393
8.835000 0.000057573411
8.845000 0.000057600815
8.855000 0.000057622924
8.865000 0.000058299198
8.875000 0.000057562324
8.885000 0.000057067323
8.895000 0.000058602769
8.905000 0.000055978687
8.915000 0.000056469836
8.925000 0.000059589345
8.935000 0.000059009114
8.945000 0.000059571651
8.955000 0.000056538042
8.965000 0.000058272460
8.975000 0.000058202472
8.985000 0.000058515818
8.995000 0.000058500363
9.005000 0.000060281931
9.015000 0.000061019353
9.025000 0.000057579752
9.035000 0.000059348734
9.045000 0.000061800140
9.055000 0.000058594762
9.065000 0.000060472404
9.075000 0.000059143745
9.085000 0.000059026240
9.095000 0.000058657107
9.105000 0.000057164400
9.115000 0.000058366370
9.125000 0.000057498631
9.135000 0.000058302876
9.145000 0.000058508917
9.155000 0.000060591114
9.165000 0.000057493674
9.175000 0.000057440378
9.185000 0.000058921438
9.195000 0.000058139837
9.205000 0.000060206122
9.215000 0.000058981528
9.225000 0.000058210314
9.235000 0.000058752231
9.245000 0.000059990059
9.255000 0.000060729749
9.265000 0.000058800041
9.275000 0.000059167118
9.285000 0.000059638238
9.295000 0.000060735191
9.305000 0.000060256022
9.315000 0.000059858589
9.325000 0.000060543071
9.335000 0.000061319522
9.345000 0.000060606325
9.355000 0.000058488159
9.365000 0.000059046731
9.375000 0.000060143048
9.385000 0.000060070730
9.395000 0.000059408600
9.405000 0.000063105180
9.415000 0.000060293746
9.425000 0.000060491023
9.435000 0.000057432035
9.445000 0.000059310954
9.455000 0.000058741551
9.465000 0.000059314135
9.475000 0.000061039779
9.485000 0.000062247475
9.495000 0.000059931700
9.505000 0.000058849634
9.515000 0.000057263060
9.525000 0.000059704310
9.535000 0.000059793253
9.545000 0.000060092561
9.555000 0.000061145176
9.565000 0.000060651012
9.575000 0.000058897686
9.585000 0.000060692514
9.595000 0.000058098170
9.605000 0.000060444013
9.615000 0.000060167650
9.625000 0.000060521808
9.635000 0.000060695574
9.645000 0.000062591208
9.655000 0.000060394116
9.665000 0.000059811605
9.675000 0.000059742190
9.685000 0.000060266188
9.695000 0.000058901535
9.705000 0.000061865274
9.715000 0.000058533629
9.725000 0.000060229251
9.735000 0.000062195618
9.745000 0.000061669003
9.755000 0.000059844166
9.765000 0.000061594713
9.775000 0.000058809944
9.785000 0.000058842170
9.795000 0.000062745331
9.805000 0.000061593348
9.815000 0.000062032359
9.825000 0.000059126661
9.835000 0.000061176284
9.845000 0.000059066581
9.855000 0.000060284293
9.865000 0.000059366173
9.875000 0.000062143999
9.885000 0.000061746662
9.895000 0.000060627553
9.905000 0.000060445322
9.915000 0.000063209855
9.925000 0.000061405031
9.935000 0.000060941645
9.945000 0.000060996162
9.955000 0.000061696263
9.965000 0.000063307352
9.975000 0.000061655994
9.985000 0.000061004621
9.995000 0.000062096659
10.005000 0.000062393541
10.015000 0.000060998072
10.025000 0.000060284117
10.035000 0.000061601220
10.045000 0.000059747250
10.055000 0.000061101786
10.065000 0.000063242406
10.075000 0.000060152886
10.085000 0.000062861138
10.095000 0.000062789467
10.105000 0.000061010356
10.115000 0.000060772982
10.125000 0.000061354686
10.135000 0.000061461156
10.145000 0.000062114358
10.155000 0.000061688056
10.165000 0.000063427863
10.175000 0.000062275180
10.185000 0.000061226007
10.195000 0.000062568691
10.205000 0.000062833921
10.215000 0.000062653776
10.225000 0.000063069470
10.235000 0.000059592869
10.245000 0.000060591425
10.255000 0.000062222352
10.265000 0.000062207375
10.275000 0.000061841969
10.285000 0.000063564377
10.295000 0.000061632143
10.305000 0.000062514467
10.315000 0.000060259669
10.325000 0.000060314952
10.335000 0.000062978317
10.345000 0.000063500134
10.355000 0.000063283634
10.365000 0.000061584059
10.375000 0.000061529327
10.385000 0.000064053000
10.395000 0.000061603692
10.405000 0.000061956837
10.415000 0.000061953618
10.425000 0.000060396095
10.435000 0.000061624315
10.445000 0.000062281811
10.455000 0.000063187425
10.465000 0.000063022032
10.475000 0.000060787567
10.485000 0.000062809557
10.495000 0.000061644203
10.505000 0.000061075133
10.515000 0.000062486999
10.525000 0.000064648282
10.535000 0.000061571826
10.545000 0.000062294575
10.555000 0.000063660813
10.565000 0.000062259045
10.575000 0.000063713912
10.585000 0.000062337772
10.595000 0.000062297135
10.605000 0.000062185670
10.615000 0.000060213138
10.625000 0.000061216065
10.635000 0.000063874520
10.645000 0.000062706176
10.655000 0.000061834012
10.665000 0.000064552557
10.675000 0.000062182353
10.685000 0.000064249768
10.695000 0.000061718121
10.705000 0.000059544581
10.715000 0.000063058565
10.725000 0.000062482240
10.735000 0.000061834975
10.745000 0.000062456788
10.755000 0.000062552450
10.765000 0.000061193583
10.775000 0.000061784942
10.785000 0.000060341576
10.795000 0.000061568734
10.805000 0.000061533383
10.815000 0.000061827046
10.825000 0.000064034584
10.835000 0.000061175633
10.845000 0.000063393151
10.855000 0.000063395634
10.865000 0.000063052939
10.875000 0.000061672209
10.885000 0.000062267592
10.895000 0.000061846488
10.905000 0.000061687758
10.915000 0.000062152881
10.925000 0.000061554143
10.935000 0.000062980130
10.945000 0.000061823416
10.955000 0.000062423489
10.965000 0.000062287653
10.975000 0.000061849032
10.985000 0.000061494754
10.995000 0.000063297375
11.005000 0.000062023723
11.015000 0.000062638350
11.025000 0.000061495045
11.035000 0.000062319313
11.045000 0.000061262493
11.055000 0.000059487132
11.065000 0.000063661975
11.075000 0.000063548901
11.085000 0.000064332724
11.095000 0.000060711814
11.105000 0.000064114288
11.115000 0.000063016132
11.125000 0.000063129224
11.135000 0.000061901889
11.145000 0.000062213895
11.155000 0.000060840578
11.165000 0.000061201482
11.175000 0.000062160202
11.185000 0.000063407410
11.195000 0.000063450334
11.205000 0.000061223692
11.215000 0.000065956985
11.225000 0.000060202047
11.235000 0.000061285794
11.245000 0.000062364194
11.255000 0.000060567284
11.265000 0.000061092243
11.275000 0.000062983694
11.285000 0.000061199398
11.295000 0.000060975192
11.305000 0.000060516567
11.315000 0.000062698142
11.325000 0.000061191121
11.335000 0.000062567276
11.345000 0.000062689294
11.355000 0.000062861774
11.365000 0.000062492397
11.375000 0.000063660502
11.385000 0.000061713404
11.395000 0.000061976374
11.405000 0.000063394732
11.415000 0.000062588535
11.425000 0.000061176926
11.435000 0.000061193886
11.445000 0.000062521656
11.455000 0.000061049140
11.465000 0.000060035864
11.475000 0.000061497663
11.485000 0.000061461543
11.495000 0.000061564747
11.505000 0.000060083881
11.515000 0.000062973655
11.525000 0.000062342283
11.535000 0.000063110132
11.545000 0.000061816441
11.555000 0.000062025488
11.565000 0.000061462875
11.575000 0.000061632822
11.585000 0.000062497589
11.595000 0.000061616239
11.605000 0.000063568294
11.615000 0.000061251144
11.625000 0.000063190578
11.635000 0.000062544331
11.645000 0.000063105345
11.655000 0.000062081810
11.665000 0.000062360103
11.675000 0.000062230388
11.685000 0.000061238871
11.695000 0.000060805587
11.705000 0.000061362094
11.715000 0.000061529460
11.725000 0.000061178649
11.735000 0.000062361835
11.745000 0.000061455215
11.755000 0.000063261245
11.765000 0.000062276140
11.775000 0.000060393231
11.785000 0.000060486644
11.795000 0.000060860641
11.805000 0.000061533546
11.815000 0.000062139870
11.825000 0.000061874874
11.835000 0.000061468794
11.845000 0.000063100574
11.855000 0.000062351965
11.865000 0.000060817840
11.875000 0.000061016168
11.885000 0.000062786391
11.895000 0.000060467837
11.905000 0.000062956874
11.915000 0.000062005613
11.925000 0.000060565571
11.935000 0.000061784106
11.945000 0.000060999174
11.955000 0.000059840155
11.965000 0.000061058255
11.975000 0.000061850567
11.985000 0.000062035251
11.995000 0.000060970868
12.005000 0.000061811221
12.015000 0.000060535194
12.025000 0.000061977760
12.035000 0.000059685407
12.045000 0.000062639544
12.055000 0.000059666917
12.065000 0.000060472450
12.075000 0.000062202070
12.085000 0.000063630433
12.095000 0.000061465054
12.105000 0.000062210040
12.115000 0.000061709411
12.125000 0.000062127851
12.135000 0.000060698400
12.145000 0.000062345289
12.155000 0.000061777445
12.165000 0.000062786136
12.175000 0.000060321987
12.185000 0.000062280223
12.195000 0.000060920436
12.205000 0.000061551929
12.215000 0.000061585474
12.225000 0.000061716426
12.235000 0.000062144226
12.245000 0.000061236950
12.255000 0.000061255861
12.265000 0.000061930870
12.275000 0.000061219313
12.285000 0.000062681091
12.295000 0.000060937497
12.305000 0.000059213113
12.315000 0.000060976717
12.325000 0.000061526972
12.335000 0.000061208057
12.345000 0.000061745871
12.355000 0.000060102261
12.365000 0.000061864520
12.375000 0.000062352643
12.385000 0.000061627798
12.395000 0.000061998274
12.405000 0.000061109266
12.415000 0.000059889326
12.425000 0.000060674022
12.435000 0.000061174437
12.445000 0.000060816129
12.455000 0.000059633246
12.465000 0.000062214426
12.475000 0.000060569841
12.485000 0.000060492438
12.495000 0.000060753924
12.505000 0.000061136869
12.515000 0.000061048269
12.525000 0.000061738448
12.535000 0.000061237120
12.545000 0.000062311174
12.555000 0.000062258820
12.565000 0.000062891979
12.575000 0.000061878146
12.585000 0.000060803613
12.595000 0.000061190675
12.605000 0.000062038225
12.615000 0.000060376155
12.625000 0.000060427823
12.635000 0.000060090600
12.645000 0.000062839488
12.655000 0.000060942854
12.665000 0.000062068640
12.675000 0.000061727624
12.685000 0.000061839074
12.695000 0.000061278901
12.705000 0.000060779750
12.715000 0.000061653284
12.725000 0.000061056925
12.735000 0.000061543878
12.745000 0.000059558111
12.755000 0.000061413970
12.765000 0.000059332330
12.775000 0.000062230472
12.785000 0.000060311722
12.795000 0.000061142334
12.805000 0.000060892410
12.815000 0.000061347959
12.825000 0.000062725087
12.835000 0.000061689575
12.845000 0.000063055060
12.855000 0.000059469062
12.865000 0.000059906086
12.875000 0.000059819848
12.885000 0.000060215899
12.895000 0.000061677271
12.905000 0.000060120847
12.915000 0.000058839325
12.925000 0.000060232832
12.935000 0.000062422295
12.945000 0.000060892328
12.955000 0.000060345164
12.965000 0.000062215461
12.975000 0.000061157977
12.985000 0.000060940711
12.995000 0.000060720978
13.005000 0.000061450755
13.015000 0.000060361019
13.025000 0.000061536598
13.035000 0.000060495578
13.045000 0.000059932472
13.055000 0.000060772289
13.065000 0.000060141048
13.075000 0.000061435830
13.085000 0.000060418479
13.095000 0.000060471408
13.105000 0.000059331928
13.115000 0.000061289368
13.125000 0.000060947324
13.135000 0.000059028914
13.145000 0.000061152962
13.155000 0.000059526208
13.165000 0.000060973252
13.175000 0.000061858257
13.185000 0.000060413528
13.195000 0.000059687974
13.205000 0.000060130787
13.215000 0.000061481535
13.225000 0.000061575461
13.235000 0.000060920309
13.245000 0.000062241080
13.255000 0.000061022226
13.265000 0.000062727041
13.275000 0.000060515551
13.285000 0.000060631616
13.295000 0.000062635662
13.305000 0.000060145333
13.315000 0.000061048717
13.325000 0.000059767986
13.335000 0.000061618416
13.345000 0.000061071693
13.355000 0.000059723043
13.365000 0.000061159862
13.375000 0.000061585281
13.385000 0.000062059980
13.395000 0.000061330137
13.405000 0.000059266851
13.415000 0.000059445032
13.425000 0.000060631633
13.435000 0.000061288489
13.445000 0.000061220653
13.455000 0.000061983668
13.465000 0.000060349848
13.475000 0.000060282274
13.485000 0.000060539166
13.495000 0.000061544189
13.505000 0.000061677807
13.515000 0.000061052980
13.525000 0.000060824156
13.535000 0.000060000690
13.545000 0.000060109772
13.555000 0.000060792833
13.565000 0.000062272227
13.575000 0.000059953922
13.585000 0.000061240490
13.595000 0.000060363134
13.605000 0.000060049500
13.615000 0.000060198136
13.625000 0.000061156708
13.635000 0.000060870034
13.645000 0.000059392735
13.655000 0.000060100628
13.665000 0.000060713071
13.675000 0.000059874951
13.685000 0.000059118482
13.695000 0.000061215863
13.705000 0.000061041255
13.715000 0.000061050635
13.725000 0.000061248107
13.735000 0.000061446816
13.745000 0.000059712011
13.755000 0.000059502251
13.765000 0.000060450369
13.775000 0.000061399928
13.785000 0.000060244091
13.795000 0.000060943561
13.805000 0.000060646444
13.815000 0.000060139559
13.825000 0.000061800575
13.835000 0.000062129835
13.845000 0.000060116571
13.855000 0.000061167582
13.865000 0.000061030512
13.875000 0.000061953122
13.885000 0.000062489685
13.895000 0.000061833650
13.905000 0.000060586916
13.915000 0.000061495688
13.925000 0.000061216639
13.935000 0.000061192325
13.945000 0.000061060842
13.955000 0.000061579974
13.965000 0.000060772524
13.975000 0.000061614869
13.985000 0.000059209262
13.995000 0.000059503049
14.005000 0.000061314169
14.015000 0.000060838516
14.025000 0.000059604652
14.035000 0.000060993248
14.045000 0.000060908940
14.055000 0.000059622324
14.065000 0.000060599688
14.075000 0.000060884367
14.085000 0.000060847586
14.095000 0.000061683935
14.105000 0.000060508025
14.115000 0.000060133927
14.125000 0.000059881473
14.135000 0.000060672945
14.145000 0.000061269055
14.155000 0.000059599287
14.165000 0.000059685281
14.175000 0.000060710468
14.185000 0.000060009796
14.195000 0.000061486292
14.205000 0.000059979558
14.215000 0.000059643986
14.225000 0.000061419511
14.235000 0.000062236015
14.245000 0.000060293084
14.255000 0.000062471760
14.265000 0.000060212718
14.275000 0.000061350828
14.285000 0.000059901699
14.295000 0.000061249521
14.305000 0.000060873955
14.315000 0.000060862297
14.325000 0.000061954534
14.335000 0.000062371949
14.345000 0.000060652786
14.355000 0.000061245537
14.365000 0.000062036440
14.375000 0.000060086226
14.385000 0.000060723053
14.395000 0.000059895916
14.405000 0.000060424218
14.415000 0.000060100855
14.425000 0.000060808703
14.435000 0.000061130410
14.445000 0.000061467130
14.455000 0.000061428117
14.465000 0.000060888266
14.475000 0.000061813604
14.485000 0.000061040384
14.495000 0.000061716528
14.505000 0.000059871242
14.515000 0.000061490149
14.525000 0.000060103658
14.535000 0.000061446022
14.545000 0.000060084502
14.555000 0.000061537042
14.565000 0.000061004478
14.575000 0.000061192860
14.585000 0.000061403073
14.595000 0.000060423435
14.605000 0.000061040499
14.615000 0.000060255113
14.625000 0.000060333797
14.635000 0.000059933972
14.645000 0.000059875996
14.655000 0.000061949689
14.665000 0.000060178778
14.675000 0.000060400464
14.685000 0.000061373174
14.695000 0.000061678839
14.705000 0.000059871308
14.715000 0.000061010036
14.725000 0.000060612345
14.735000 0.000060749017
14.745000 0.000059970061
14.755000 0.000060601029
14.765000 0.000061181737
14.775000 0.000060425903
14.785000 0.000061960928
14.795000 0.000061835996
14.805000 0.000061586840
14.815000 0.000061464088
14.825000 0.000058757786
14.835000 0.000059983601
14.845000 0.000059763491
14.855000 0.000060915789
14.865000 0.000061901493
14.875000 0.000060811694
14.885000 0.000061142497
14.895000 0.000061347293
14.905000 0.000060286321
14.915000 0.000059991216
14.925000 0.000061681243
14.935000 0.000060400498
14.945000 0.000062237754
14.955000 0.000061383821
14.965000 0.000060267982
14.975000 0.000061178261
14.985000 0.000061574567
14.995000 0.000060647248
15.005000 0.000060216682
15.015000 0.000060358770
15.025000 0.000059931993
15.035000 0.000061781594
15.045000 0.000060250845
15.055000 0.000060515815
15.065000 0.000062177098
15.075000 0.000060987229
15.085000 0.000061024692
15.095000 0.000060348467
15.105000 0.000060644412
15.115000 0.000061005990
15.125000 0.000061288198
15.135000 0.000061756150
15.145000 0.000062357948
15.155000 0.000060829010
15.165000 0.000061345138
15.175000 0.000062292166
15.185000 0.000059724657
15.195000 0.000059339431
15.205000 0.000060674999
15.215000 0.000060957915
15.225000 0.000059644387
15.235000 0.000060540251
15.245000 0.000061763792
15.255000 0.000060823249
15.265000 0.000061151842
15.275000 0.000060449730
15.285000 0.000061117816
15.295000 0.000060377954
15.305000 0.000060124043
15.315000 0.000062137394
15.325000 0.000061680952
15.335000 0.000061517616
15.345000 0.000062593522
15.355000 0.000061923621
15.365000 0.000059674600
15.375000 0.000061405169
15.385000 0.000062167332
15.395000 0.000060857793
15.405000 0.000061352289
15.415000 0.000061662559
15.425000 0.000061739862
15.435000 0.000061651772
15.445000 0.000060766834
15.455000 0.000060541476
15.465000 0.000061811756
15.475000 0.000059766871
15.485000 0.000060258820
15.495000 0.000060677374
15.505000 0.000061217913
15.515000 0.000060399803
15.525000 0.000061706092
15.535000 0.000061433576
15.545000 0.000060624461
15.555000 0.000061740038
15.565000 0.000060528551
15.575000 0.000060873709
15.585000 0.000061238910
15.595000 0.000062212346
15.605000 0.000060759992
15.615000 0.000061024139
15.625000 0.000063395016
15.635000 0.000061953806
15.645000 0.000061476985
15.655000 0.000059796274
15.665000 0.000061003212
15.675000 0.000061234218
15.685000 0.000060646022
15.695000 0.000061646400
15.705000 0.000060024664
15.715000 0.000061557361
15.725000 0.000061887119
15.735000 0.000061626997
15.745000 0.000059679281
15.755000 0.000060064506
15.765000 0.000060417981
15.775000 0.000060700332
15.785000 0.000061414648
15.795000 0.000061262852
15.805000 0.000060209620
15.815000 0.000061800372
15.825000 0.000060187113
15.835000 0.000060251824
15.845000 0.000060051828
15.855000 0.000062822863
15.865000 0.000061909288
15.875000 0.000062330151
15.885000 0.000062202540
15.895000 0.000062777443
15.905000 0.000059989725
15.915000 0.000061878594
15.925000 0.000059946876
15.935000 0.000061302329
15.945000 0.000060301846
15.955000 0.000061147501
15.965000 0.000061365191
15.975000 0.000061366877
15.985000 0.000062335382
15.995000 0.000061008169
16.005000 0.000062442120
16.015000 0.000060647789
16.025000 0.000061219992
16.035000 0.000061424061
16.045000 0.000061430287
16.055000 0.000062846201
16.065000 0.000060480809
16.075000 0.000060843857
16.085000 0.000059835992
16.095000 0.000060641698
16.105000 0.000061283939
16.115000 0.000060434274
16.125000 0.000060805313
16.135000 0.000060813892
16.145000 0.000061075272
16.155000 0.000060609703
16.165000 0.000062161460
16.175000 0.000061734591
16.185000 0.000062511875
16.195000 0.000062073979
16.205000 0.000060995336
16.215000 0.000061935695
16.225000 0.000061392475
16.235000 0.000061308288
16.245000 0.000061512564
16.255000 0.000060169125
16.265000 0.000062269555
16.275000 0.000061510231
16.285000 0.000061360221
16.295000 0.000061140460
16.305000 0.000060769745
16.315000 0.000061010611
16.325000 0.000062715442
16.335000 0.000060904911
16.345000 0.000061768997
16.355000 0.000060508923
16.365000 0.000061040474
16.375000 0.000061773484
16.385000 0.000062004680
16.395000 0.000060743602
16.405000 0.000060656643
16.415000 0.000061931632
16.425000 0.000061017436
16.435000 0.000062361310
16.445000 0.000061724376
16.455000 0.000061506605
16.465000 0.000060817183
16.475000 0.000060110522
16.485000 0.000060866746
16.495000 0.000060728401
16.505000 0.000061080237
16.515000 0.000060530070
16.525000 0.000061294540
16.535000 0.000062527911
16.545000 0.000061003160
16.555000 0.000060266362
16.565000 0.000061116674
16.575000 0.000060355943
16.585000 0.000061798867
16.595000 0.000060454412
16.605000 0.000060605964
16.615000 0.000061333551
16.625000 0.000060454241
16.635000 0.000061326464
16.645000 0.000060844157
16.655000 0.000061279448
16.665000 0.000060192931
16.675000 0.000061591693
16.685000 0.000062036761
16.695000 0.000060846551
16.705000 0.000061468463
16.715000 0.000062231636
16.725000 0.000061849283
16.735000 0.000062346444
16.745000 0.000061682202
16.755000 0.000060904990
16.765000 0.000061669048
16.775000 0.000061376941
16.785000 0.000060663069
16.795000 0.000060662209
16.805000 0.000061583285
16.815000 0.000060582515
16.825000 0.000061469327
16.835000 0.000061120374
16.845000 0.000060759930
16.855000 0.000060991888
16.865000 0.000059576475
16.875000 0.000060072141
16.885000 0.000060632926
16.895000 0.000060743340
16.905000 0.000060339662
16.915000 0.000060242872
16.925000 0.000060802131
16.935000 0.000061478608
16.945000 0.000061520969
16.955000 0.000060375811
16.965000 0.000060888727
16.975000 0.000060649776
16.985000 0.000060961451
16.995000 0.000060737002
17.005000 0.000060979057
17.015000 0.000061669702
17.025000 0.000061243488
17.035000 0.000061073879
17.045000 0.000059797282
17.055000 0.000060944672
17.065000 0.000061145609
17.075000 0.000061394681
17.085000 0.000060373847
17.095000 0.000059897012
17.105000 0.000061097241
17.115000 0.000060779314
17.125000 0.000061557205
17.135000 0.000060989543
17.145000 0.000061166181
17.155000 0.000062141754
17.165000 0.000061091885
17.175000 0.000061272016
17.185000 0.000060724195
17.195000 0.000061093514
17.205000 0.000060830439
17.215000 0.000060858496
17.225000 0.000061153316
17.235000 0.000061143288
17.245000 0.000061205881
17.255000 0.000061697402
17.265000 0.000060550953
17.275000 0.000060703817
17.285000 0.000062343141
17.295000 0.000060057349
17.305000 0.000060901176
17.315000 0.000060079172
17.325000 0.000059694884
17.335000 0.000060747919
17.345000 0.000060981102
17.355000 0.000061201953
17.365000 0.000059829639
17.375000 0.000061325984
17.385000 0.000060142822
17.395000 0.000060777539
17.405000 0.000061014514
17.415000 0.000060330912
17.425000 0.000061502844
17.435000 0.000061597904
17.445000 0.000061209095
17.455000 0.000060959330
17.465000 0.000061090266
17.475000 0.000060123325
17.485000 0.000059873658
17.495000 0.000061440476
17.505000 0.000061301730
17.515000 0.000061477598
17.525000 0.000062405079
17.535000 0.000059815419
17.545000 0.000060935212
17.555000 0.000061242352
17.565000 0.000060256929
17.575000 0.000060840187
17.585000 0.000062032601
17.595000 0.000060699407
17.605000 0.000060364176
17.615000 0.000061441032
17.625000 0.000060854627
17.635000 0.000060760352
17.645000 0.000060269009
17.655000 0.000060884849
17.665000 0.000060385051
17.675000 0.000061024678
17.685000 0.000061619421
17.695000 0.000059692704
17.705000 0.000061122652
17.715000 0.000060478632
17.725000 0.000060730237
17.735000 0.000061286196
17.745000 0.000061174319
17.755000 0.000060182414
17.765000 0.000060527497
17.775000 0.000059407872
17.785000 0.000060420153
17.795000 0.000060401484
17.805000 0.000061674524
17.815000 0.000059956983
17.825000 0.000061916427
17.835000 0.000060565716
17.845000 0.000059829165
17.855000 0.000060794443
17.865000 0.000061308250
17.875000 0.000061300520
17.885000 0.000061943389
17.895000 0.000060533353
17.905000 0.000059971503
17.915000 0.000059817116
17.925000 0.000060182974
17.935000 0.000059617226
17.945000 0.000060488779
17.955000 0.000059653418
17.965000 0.000060149564
17.975000 0.000060984575
17.985000 0.000060315149
17.995000 0.000061004527
18.005000 0.000059793352
18.015000 0.000059559045
18.025000 0.000059745651
18.035000 0.000061730409
18.045000 0.000060449717
18.055000 0.000060748716
18.065000 0.000060343227
18.075000 0.000061012404
18.085000 0.000060692122
18.095000 0.000060503490
18.105000 0.000060358026
18.115000 0.000059795398
18.125000 0.000061849221
18.135000 0.000060361737
18.145000 0.000060108286
18.155000 0.000060486293
18.165000 0.000060301616
18.175000 0.000060967876
18.185000 0.000060566562
18.195000 0.000060852114
18.205000 0.000059077521
18.215000 0.000061166829
18.225000 0.000060519726
18.235000 0.000060084680
18.245000 0.000060881878
18.255000 0.000060100991
18.265000 0.000059531792
18.275000 0.000059750872
18.285000 0.000060987377
18.295000 0.000061527218
18.305000 0.000061053063
18.315000 0.000062082041
18.325000 0.000060839510
18.335000 0.000061525485
18.345000 0.000061585196
18.355000 0.000061165076
18.365000 0.000061544650
18.375000 0.000061351606
18.385000 0.000060737753
18.395000 0.000060078190
18.405000 0.000060899479
18.415000 0.000060493182
18.425000 0.000060299923
18.435000 0.000061220898
18.445000 0.000060015694
18.455000 0.000061372973
18.465000 0.000061208513
18.475000 0.000061641603
18.485000 0.000061863294
18.495000 0.000061658357
18.505000 0.000060492214
18.515000 0.000061218715
18.525000 0.000060672792
18.535000 0.000060465449
18.545000 0.000061001065
18.555000 0.000061140750
18.565000 0.000061360019
18.575000 0.000060543825
18.585000 0.000060893586
18.595000 0.000060494999
18.605000 0.000060846179
18.615000 0.000060625154
18.625000 0.000061636436
18.635000 0.000060344721
18.645000 0.000060387351
18.655000 0.000062413905
18.665000 0.000061541216
18.675000 0.000061815736
18.685000 0.000061823794
18.695000 0.000061843903
18.705000 0.000060720513
18.715000 0.000060314645
18.725000 0.000060275401
18.735000 0.000060580751
18.745000 0.000060875852
18.755000 0.000060378723
18.765000 0.000060596765
18.775000 0.000060274826
18.785000 0.000060386963
18.795000 0.000060081506
18.805000 0.000060673131
18.815000 0.000060688295
18.825000 0.000060903350
18.835000 0.000059997683
18.845000 0.000060515060
18.855000 0.000061471816
18.865000 0.000060594147
18.875000 0.000060176346
18.885000 0.000062083790
18.895000 0.000062116746
18.905000 0.000060602341
18.915000 0.000060656142
18.925000 0.000060751744
18.935000 0.000060267734
18.945000 0.000060373277
18.955000 0.000061039165
18.965000 0.000060369429
18.975000 0.000060092265
18.985000 0.000060425927
18.995000 0.000061147179
19.005000 0.000060113995
19.015000 0.000061662693
19.025000 0.000060305767
19.035000 0.000060729471
19.045000 0.000060869604
19.055000 0.000062756308
19.065000 0.000060520193
19.075000 0.000061414601
19.085000 0.000061440005
19.095000 0.000060797165
19.105000 0.000060738712
19.115000 0.000061277750
19.125000 0.000060938932
19.135000 0.000060250581
19.145000 0.000061177880
19.155000 0.000060445828
19.165000 0.000059868788
19.175000 0.000060242087
19.185000 0.000060428581
19.195000 0.000060838341
19.205000 0.000061722368
19.215000 0.000061256296
19.225000 0.000061877032
19.235000 0.000061525333
19.245000 0.000060497584
19.255000 0.000060753932
19.265000 0.000061458824
19.275000 0.000061509468
19.285000 0.000060857062
19.295000 0.000061563833
19.305000 0.000061419558
19.315000 0.000060861219
19.325000 0.000060248587
19.335000 0.000060944035
19.345000 0.000060987746
19.355000 0.000059918578
19.365000 0.000061685949
19.375000 0.000060047243
19.385000 0.000060432302
19.395000 0.000060720241
19.405000 0.000060953323
19.415000 0.000062427673
19.425000 0.000060747944
19.435000 0.000061115060
19.445000 0.000061972877
19.455000 0.000061477980
19.465000 0.000061964725
19.475000 0.000060793267
19.485000 0.000060649881
19.495000 0.000060884000
19.505000 0.000061437318
19.515000 0.000060187076
19.525000 0.000061011687
19.535000 0.000061224595
19.545000 0.000060946981
19.555000 0.000061211779
19.565000 0.000060964148
19.575000 0.000060326929
19.585000 0.000061832275
19.595000 0.000061408144
19.605000 0.000061843175
19.615000 0.000061628905
19.625000 0.000061548237
19.635000 0.000060648977
19.645000 0.000060756696
19.655000 0.000061931439
19.665000 0.000061642271
19.675000 0.000061169244
19.685000 0.000061719058
19.695000 0.000060723907
19.705000 0.000060670603
19.715000 0.000062108043
19.725000 0.000060986949
19.735000 0.000061217188
19.745000 0.000061181324
19.755000 0.000061367824
19.765000 0.000061946493
19.775000 0.000061211417
19.785000 0.000061461573
19.795000 0.000062342626
19.805000 0.000062231628
19.815000 0.000061223176
19.825000 0.000061110052
19.835000 0.000062807375
19.845000 0.000060277820
19.855000 0.000062438787
19.865000 0.000061053158
19.875000 0.000062336227
19.885000 0.000060672515
19.895000 0.000061450306
19.905000 0.000061195482
19.915000 0.000060922619
19.925000 0.000061850737
19.935000 0.000061066491
19.945000 0.000059972737
19.955000 0.000062095497
19.965000 0.000062679626
19.975000 0.000061575681
19.985000 0.000062227725
19.995000 0.000061780025
