GRASP_Variant V.10.18    Instrument:  ILL_d22_2D 
  
***** Sample, Backgrounds and Transmissions Data: ***** 
Subtitle:  8/4 10% Silica 
Start: 24-Aug-23  00:31:28   End: 24-Aug-23  00:36:28 
  
Foreground:  169705 , Loaded: 169704:169713,169702,169703 
Background:  169701 , Loaded: 169701 
Blocked Beam:  169700 , Loaded: 169700 
  
Beam Centre1 :  Cx = 65.3598  Cy = 130.2803       Cm Translation :  Tx = -0.05  Ty = 0 [mm] 
Beam Centre2 :  Cx = 47  Cy = 123.1965       Cm Translation :  Tx = 10.0391  Ty = 0 [mm] 
Transmissions:  Ts = 0.69066 +/- 0.006932  Te = 0.94242 +/- 0.0097735 
Transmissions Thickness Correction is:  on 
Applying standard SANS data reduction:  I_corr = 1/[Ts Te] [I_s - I_cd]  - 1/[Te] [I_bck - I_cd] 
  
***** Calibrations: ***** 
Data: Corrected for D22 Detector Parallax 
Data: Corrected for Detector Efficiency 
Data: Corrected for Relative Detector Efficiency (variation between detector panels) 
Data: Divided by Volume 
Sample Thickness is: 0.1 cm 
Solid Angle Correction: 
Divide data by empty beam flux, I0, from worksheet: I0 Beam Intensity 1 3 
Applying Default Instrument Mask 
Applying User Defined Mask 
Applying NanInf Mask 
Intensity units are:  cm-1 \\ \Delta\Omega  
  
***** Analysis ***** 
Averaging Worksheets through Depths  1:12 
Numor:  169705 
Averaging I vs. Q.  Bin size:  5 [Fractional Resolution]  linear 
 
 
***** Data ***** 
Mod_Q	I	Err_I	Sigma_Q	
 
 
0.00272172	1986.55280177	10.97799730	0.00078731
0.00319474	1859.86518840	6.07178302	0.00088390
0.00366965	1702.93950501	4.70930027	0.00089081
0.00414327	1384.15393291	3.72605664	0.00089603
0.00458226	1056.96056864	3.18353387	0.00089590
0.00498273	774.97850857	2.48570109	0.00089525
0.00542912	511.94458430	1.61965420	0.00090873
0.00588706	321.59666349	1.28170210	0.00091017
0.00630323	197.40879266	0.93767247	0.00091616
0.00671498	117.19998993	0.68748175	0.00091907
0.00713090	65.81137639	0.48673696	0.00092567
0.00755704	35.31276087	0.33850997	0.00093117
0.00800157	20.03973099	0.24074511	0.00093752
0.00846313	14.31962430	0.19575544	0.00094478
0.00891711	14.22875229	0.19535336	0.00095140
0.00936078	15.99047741	0.20074183	0.00095457
0.00979898	17.59778526	0.20941747	0.00096431
0.01023060	17.57542652	0.20472619	0.00097170
0.01065650	17.12087558	0.19994054	0.00097854
0.01109196	14.69690022	0.17577183	0.00098850
0.01157029	11.33468748	0.14201452	0.00100196
0.01203953	8.38768747	0.13075795	0.00100506
0.01247554	6.04724784	0.10759731	0.00101632
0.01292500	4.32325122	0.08847470	0.00102717
0.01337917	3.47087701	0.07841961	0.00103524
0.01388509	3.21421968	0.06683361	0.00104751
0.01443181	3.61196308	0.07027116	0.00106036
0.01497947	3.91174168	0.07072515	0.00107600
0.01549965	4.17794296	0.07709510	0.00108415
0.01598184	4.06058018	0.07492448	0.00109545
0.01646613	3.75988150	0.07065159	0.00110677
0.01695976	3.25903302	0.06398739	0.00111895
0.01746602	2.80351934	0.05787742	0.00113555
0.01801895	2.19961526	0.04731404	0.00115125
0.01858054	1.73866028	0.04371995	0.00116300
0.01910770	1.37731638	0.03929560	0.00117694
0.01965039	1.27214850	0.03573880	0.00119381
0.02023706	1.21392736	0.03323686	0.00121371
0.02082713	1.22275141	0.03371317	0.00122796
0.02139010	1.20702085	0.03338414	0.00124134
0.02196818	1.18018301	0.03148575	0.00125904
0.02255653	1.09061412	0.03063430	0.00127736
0.02313200	1.02593161	0.02940316	0.00129457
0.02371583	0.93732288	0.02755995	0.00131194
0.02431045	0.92279424	0.02687563	0.00132953
0.02491384	0.89409305	0.02568607	0.00134847
0.02555525	0.84481683	0.02373763	0.00137305
0.02620400	0.83164032	0.02400878	0.00138961
0.02685413	0.84288921	0.02300690	0.00141309
0.02751624	0.81058020	0.02275031	0.00143252
0.02817524	0.76633198	0.02149900	0.00144899
0.02886832	0.67984234	0.01991527	0.00147605
0.02960799	0.68563190	0.02064257	0.00148535
0.03033441	0.67153302	0.02180432	0.00150870
0.03104727	0.64134426	0.02273118	0.00153392
0.03176368	0.62154000	0.02438478	0.00155848
0.03249423	0.60431312	0.02478785	0.00159207
0.03325110	0.67533347	0.02785102	0.00161788
0.03400926	0.60156925	0.02818198	0.00164449
0.03477287	0.59814078	0.02963014	0.00167081
0.03556236	0.57667839	0.03033292	0.00169763
0.03636787	0.62008638	0.03432727	0.00172567
0.03717364	0.57282386	0.03553612	0.00175309
0.03800250	0.65331459	0.04109530	0.00179090
0.03884160	0.53430470	0.04266137	0.00181544
0.03968737	0.57776261	0.05087401	0.00185625
0.04054383	0.52026151	0.06159703	0.00188558
0.04134171	0.55405988	0.10427958	0.00192306
0.04209943	0.74398286	0.25700611	0.00228343
0.04357281	0.46806024	0.02687140	0.00299610
0.04504400	0.50955997	0.01615507	0.00302280
0.04644673	0.50363232	0.01969837	0.00306757
0.04813570	0.52840244	0.02010218	0.00311850
0.04995502	0.53374099	0.01648482	0.00315829
0.05123348	0.51528384	0.01535647	0.00320006
0.05287986	0.54484153	0.01895371	0.00325694
0.05443269	0.51073753	0.01832405	0.00329920
0.05591854	0.54139658	0.01242038	0.00334216
0.05760077	0.50808208	0.01601383	0.00339849
0.05916830	0.51512235	0.01619605	0.00343640
0.06099417	0.51769158	0.01114355	0.00348538
0.06278691	0.49460442	0.01313859	0.00354080
0.06458726	0.52431800	0.01413518	0.00359981
0.06635140	0.51386834	0.01077707	0.00365211
0.06811121	0.53953652	0.01236876	0.00372295
0.06999161	0.51169952	0.01288931	0.00378503
0.07171376	0.51522473	0.01023212	0.00382046
0.07347452	0.51786875	0.01143358	0.00388542
0.07541525	0.50397880	0.01157511	0.00394184
0.07731394	0.51030228	0.00887134	0.00401172
0.07934530	0.49977872	0.01089781	0.00407742
0.08148640	0.49882491	0.00929806	0.00415140
0.08332456	0.50712945	0.00920932	0.00421742
0.08541280	0.50485937	0.00998026	0.00428653
0.08759142	0.51793388	0.00840347	0.00434600
0.08955883	0.48976748	0.00922079	0.00442462
0.09180435	0.50838675	0.00872948	0.00450033
0.09388037	0.51806237	0.00792930	0.00456982
0.09617666	0.51214519	0.00891723	0.00466162
0.09845050	0.51139759	0.00756143	0.00472999
0.10051043	0.51262873	0.00861973	0.00481201
0.10294981	0.49812688	0.00730082	0.00488742
0.10512391	0.51435936	0.00770182	0.00497641
0.10755278	0.51616988	0.00772632	0.00505847
0.10990883	0.50766516	0.00680567	0.00515427
0.11244154	0.49468294	0.00719326	0.00523914
0.11499993	0.50465943	0.00652751	0.00533739
0.11750239	0.50907145	0.00704729	0.00542826
0.12020322	0.50562446	0.00619276	0.00552101
0.12282100	0.51049588	0.00663749	0.00562859
0.12554282	0.50394719	0.00623010	0.00571375
0.12810408	0.49959395	0.00621751	0.00581509
0.13102353	0.51079533	0.00587396	0.00593719
0.13370214	0.49707154	0.00609301	0.00602785
0.13663349	0.50430840	0.00555805	0.00613823
0.13946530	0.49509295	0.00583911	0.00625322
0.14251987	0.49166969	0.00514332	0.00635896
0.14553400	0.49938368	0.00574413	0.00648402
0.14856066	0.49077814	0.00496321	0.00660581
0.15183509	0.50024002	0.00532405	0.00671486
0.15484856	0.49597288	0.00494152	0.00683511
0.15828075	0.48779473	0.00486951	0.00697811
0.16140872	0.48323654	0.00490774	0.00708574
0.16482463	0.48578992	0.00452278	0.00722831
0.16831944	0.49238192	0.00474345	0.00736780
0.17164852	0.48927681	0.00444034	0.00749654
0.17532467	0.48598834	0.00440615	0.00762957
0.17876744	0.48951867	0.00451010	0.00776925
0.18241077	0.48290323	0.00404474	0.00792024
0.18639341	0.48681927	0.00410011	0.00806398
0.19008794	0.48201647	0.00419468	0.00821652
0.19382503	0.48240502	0.00390332	0.00836871
0.19793047	0.48217870	0.00384304	0.00852697
0.20196078	0.48889201	0.00385850	0.00869297
0.20589023	0.48868086	0.00380967	0.00883341
0.21010643	0.47367426	0.00354972	0.00900902
0.21447847	0.47691333	0.00354086	0.00918858
0.21877480	0.48136266	0.00355607	0.00936219
0.22302420	0.47488177	0.00345737	0.00950408
0.22751415	0.47485429	0.00330617	0.00968868
0.23214025	0.47841828	0.00330345	0.00986446
0.23680051	0.47079243	0.00318964	0.01005752
0.24155418	0.47317160	0.00314338	0.01025282
0.24631334	0.47560529	0.00313682	0.01042687
0.25109113	0.47748213	0.00306816	0.01062490
0.25611512	0.47430498	0.00293491	0.01083226
0.26127861	0.46782887	0.00288413	0.01104241
0.26654021	0.47460813	0.00282600	0.01125719
0.27185319	0.46914827	0.00279872	0.01147728
0.27719600	0.46965056	0.00273349	0.01166888
0.28267257	0.46798253	0.00267356	0.01188864
0.28829269	0.47043204	0.00261753	0.01212163
0.29397450	0.47383359	0.00260603	0.01235627
0.29975375	0.46525450	0.00250636	0.01259388
0.30567867	0.47189095	0.00249851	0.01283235
0.31163605	0.46650350	0.00249733	0.01306243
0.31774468	0.46613816	0.00243773	0.01331511
0.32400374	0.46526664	0.00243326	0.01357323
0.33031886	0.46686655	0.00241473	0.01383217
0.33679567	0.46702377	0.00237380	0.01408414
0.34347727	0.46392707	0.00237136	0.01436106
0.35025256	0.46929159	0.00240339	0.01464150
0.35711088	0.46354068	0.00238687	0.01492468
0.36402107	0.46782860	0.00241981	0.01519187
0.37111563	0.46254316	0.00234682	0.01548077
0.37844949	0.46496853	0.00234373	0.01578143
0.38585516	0.46434769	0.00237123	0.01608781
0.39336977	0.46711560	0.00234302	0.01639835
0.40105392	0.46420493	0.00231130	0.01671529
0.40888170	0.45851044	0.00231721	0.01703697
0.41685032	0.46587707	0.00229014	0.01736103
0.42495624	0.45910621	0.00227700	0.01768466
0.43328380	0.46464737	0.00226298	0.01802918
0.44165071	0.46373327	0.00226494	0.01835729
0.45031574	0.46106597	0.00221573	0.01871466
0.45900486	0.45831012	0.00223388	0.01907210
0.46796546	0.46242374	0.00217357	0.01943957
0.47711386	0.46040077	0.00220043	0.01981108
0.48626432	0.46058535	0.00216665	0.02018943
0.49580203	0.46366027	0.00214332	0.02058364
0.50549565	0.46170867	0.00213923	0.02098395
0.51522328	0.46206618	0.00213818	0.02138528
0.52508621	0.46544258	0.00212547	0.02179180
0.53530281	0.45851979	0.00206979	0.02219505
0.54573432	0.46121895	0.00207929	0.02262182
0.55633493	0.45904289	0.00204376	0.02305476
0.56715525	0.45960870	0.00204001	0.02350181
0.57784791	0.46308467	0.00238654	0.02394303
0.58906605	0.45728660	0.00271230	0.02440567
0.60047680	0.45999427	0.00313085	0.02487597
0.61204215	0.46362824	0.00370783	0.02535209
0.62369515	0.46835393	0.00471015	0.02582104
0.63518401	0.45944734	0.00705646	0.02629080
0.64574395	0.47278372	0.01589341	0.02670595
