0.000000 1.000000000000
0.185000 0.000004919952
0.265000 0.000003742310
0.325000 0.000001854840
0.375000 0.000003277831
0.415000 0.000003934533
0.455000 0.000003752055
0.525000 0.000004503532
0.565000 0.000004015874
0.595000 0.000002790607
0.615000 0.000005387977
0.645000 0.000004895330
0.675000 0.000003095427
0.695000 0.000003512074
0.745000 0.000003689163
0.765000 0.000004411272
0.795000 0.000003836215
0.815000 0.000004822220
0.835000 0.000003406767
0.855000 0.000003604801
0.875000 0.000004648771
0.915000 0.000002752956
0.935000 0.000003971666
0.955000 0.000003682145
0.975000 0.000002491037
1.005000 0.000004158499
1.025000 0.000004882092
1.055000 0.000005099550
1.075000 0.000004177678
1.085000 0.000003866067
1.105000 0.000004140824
1.125000 0.000004504929
1.135000 0.000004292712
1.155000 0.000004666010
1.185000 0.000005260395
1.195000 0.000004914955
1.205000 0.000004314624
1.225000 0.000005628070
1.235000 0.000005115007
1.255000 0.000005066592
1.265000 0.000003598621
1.295000 0.000004741168
1.305000 0.000004311954
1.325000 0.000005709771
1.335000 0.000006843409
1.345000 0.000004947984
1.355000 0.000004522690
1.375000 0.000004612635
1.395000 0.000005735868
1.405000 0.000003986497
1.425000 0.000004796379
1.435000 0.000005339587
1.455000 0.000005501966
1.465000 0.000004928232
1.495000 0.000005763701
1.505000 0.000005396239
1.515000 0.000005085431
1.525000 0.000004807907
1.535000 0.000006010589
1.555000 0.000006586851
1.565000 0.000004502421
1.585000 0.000005027594
1.595000 0.000006015484
1.605000 0.000005081895
1.615000 0.000006223769
1.625000 0.000005546342
1.635000 0.000004434823
1.645000 0.000005818828
1.665000 0.000006115233
1.685000 0.000006093226
1.695000 0.000005565218
1.705000 0.000005002414
1.715000 0.000006507085
1.725000 0.000005896218
1.735000 0.000006904649
1.755000 0.000008351661
1.765000 0.000005658558
1.775000 0.000007102262
1.785000 0.000005322647
1.805000 0.000005728225
1.825000 0.000005417986
1.835000 0.000006363112
1.845000 0.000006504318
1.855000 0.000006393109
1.865000 0.000007458720
1.875000 0.000006251985
1.885000 0.000005737536
1.905000 0.000006220395
1.915000 0.000006297765
1.925000 0.000007810464
1.935000 0.000007576086
1.945000 0.000006735145
1.955000 0.000006649022
1.985000 0.000006626273
1.995000 0.000006490270
2.005000 0.000007324057
2.015000 0.000007512565
2.025000 0.000008760285
2.045000 0.000006223668
2.055000 0.000007075553
2.065000 0.000008021167
2.075000 0.000006264726
2.085000 0.000007415773
2.095000 0.000007721537
2.115000 0.000008885749
2.125000 0.000006875998
2.135000 0.000007488373
2.145000 0.000008646905
2.155000 0.000008724198
2.165000 0.000008265980
2.175000 0.000007488735
2.185000 0.000007578340
2.195000 0.000007744462
2.205000 0.000007517275
2.215000 0.000008655183
2.225000 0.000010102688
2.245000 0.000008646355
2.255000 0.000008656392
2.265000 0.000010154726
2.275000 0.000008050955
2.285000 0.000008929860
2.305000 0.000009132402
2.315000 0.000009629870
2.325000 0.000007661257
2.335000 0.000009482615
2.345000 0.000010466009
2.365000 0.000008941313
2.375000 0.000008713868
2.385000 0.000008655152
2.395000 0.000009122726
2.405000 0.000009189621
2.415000 0.000009225588
2.425000 0.000010085755
2.435000 0.000009366140
2.445000 0.000008738018
2.455000 0.000009730789
2.465000 0.000008741516
2.475000 0.000010855951
2.485000 0.000007685174
2.495000 0.000009761799
2.505000 0.000009539092
2.515000 0.000009857346
2.535000 0.000010538125
2.545000 0.000009342037
2.555000 0.000007774106
2.565000 0.000011049608
2.575000 0.000010711441
2.585000 0.000007258232
2.595000 0.000010792229
2.605000 0.000011218964
2.615000 0.000012501444
2.625000 0.000011752537
2.645000 0.000013039001
2.655000 0.000010412354
2.665000 0.000012391973
2.675000 0.000011077065
2.695000 0.000011904500
2.705000 0.000010661679
2.715000 0.000011972706
2.725000 0.000012175001
2.735000 0.000012096099
2.745000 0.000013519962
2.755000 0.000013197504
2.765000 0.000010386881
2.775000 0.000012711328
2.785000 0.000012030667
2.795000 0.000012275736
2.805000 0.000012915015
2.815000 0.000012352618
2.825000 0.000012498840
2.835000 0.000013786874
2.845000 0.000013628016
2.855000 0.000014031898
2.865000 0.000013735294
2.875000 0.000013519988
2.895000 0.000014010485
2.905000 0.000013081450
2.915000 0.000014036525
2.925000 0.000013700124
2.935000 0.000014263895
2.945000 0.000015793411
2.955000 0.000013287064
2.965000 0.000015134108
2.975000 0.000014651251
2.985000 0.000011333696
2.995000 0.000014564167
3.005000 0.000014444674
3.015000 0.000014076486
3.025000 0.000016661886
3.035000 0.000015630444
3.045000 0.000015211513
3.055000 0.000013749134
3.065000 0.000015064234
3.075000 0.000015041950
3.085000 0.000015489496
3.095000 0.000016598240
3.105000 0.000015365248
3.115000 0.000018382036
3.125000 0.000015683039
3.135000 0.000016935754
3.145000 0.000013605386
3.155000 0.000015801315
3.165000 0.000018756653
3.175000 0.000017579960
3.185000 0.000016689178
3.195000 0.000018989250
3.205000 0.000017377809
3.215000 0.000016887858
3.225000 0.000016697764
3.235000 0.000019006681
3.245000 0.000017207780
3.255000 0.000017124784
3.265000 0.000018553671
3.275000 0.000017912856
3.285000 0.000019853431
3.295000 0.000018137517
3.305000 0.000019652857
3.315000 0.000017166658
3.325000 0.000022104657
3.335000 0.000020633486
3.345000 0.000020024850
3.355000 0.000020393428
3.365000 0.000019719217
3.375000 0.000020658885
3.385000 0.000021613836
3.395000 0.000020794027
3.405000 0.000020888405
3.415000 0.000021584733
3.425000 0.000020044040
3.435000 0.000021451394
3.445000 0.000021555599
3.455000 0.000021804105
3.465000 0.000023854932
3.475000 0.000020083236
3.485000 0.000022262016
3.495000 0.000021106121
3.505000 0.000024231204
3.515000 0.000023137319
3.525000 0.000022486162
3.535000 0.000028351092
3.545000 0.000022681858
3.555000 0.000023520247
3.565000 0.000024395332
3.575000 0.000024624126
3.585000 0.000023746823
3.595000 0.000025185979
3.605000 0.000026028338
3.615000 0.000023982303
3.625000 0.000024831324
3.635000 0.000022787567
3.645000 0.000024728392
3.655000 0.000030460883
3.665000 0.000027888912
3.675000 0.000025005105
3.685000 0.000027907120
3.695000 0.000026930526
3.705000 0.000027692470
3.715000 0.000026547849
3.725000 0.000028296590
3.735000 0.000029123765
3.745000 0.000029002351
3.755000 0.000026704841
3.765000 0.000033137894
3.775000 0.000028804620
3.785000 0.000026282831
3.795000 0.000026552268
3.805000 0.000026488238
3.815000 0.000031824725
3.825000 0.000033197623
3.835000 0.000030061261
3.845000 0.000031043070
3.855000 0.000027677732
3.865000 0.000031859668
3.875000 0.000030963879
3.885000 0.000031680530
3.895000 0.000030808208
3.905000 0.000031870167
3.915000 0.000033509465
3.925000 0.000033627044
3.935000 0.000034402123
3.945000 0.000035506287
3.955000 0.000034651100
3.965000 0.000034821274
3.975000 0.000034255465
3.985000 0.000039210594
3.995000 0.000033647907
4.005000 0.000035289996
4.015000 0.000040193726
4.025000 0.000036574216
4.035000 0.000038628395
4.045000 0.000034881097
4.055000 0.000038548580
4.065000 0.000036666124
4.075000 0.000036650323
4.085000 0.000039594512
4.095000 0.000037950807
4.105000 0.000035408341
4.115000 0.000038564699
4.125000 0.000038194679
4.135000 0.000041243140
4.145000 0.000039711367
4.165000 0.000040974117
4.175000 0.000040621229
4.185000 0.000044300134
4.195000 0.000039825104
4.205000 0.000050580841
4.215000 0.000039834299
4.225000 0.000040721687
4.235000 0.000042252057
4.245000 0.000045532844
4.255000 0.000042701775
4.265000 0.000045714844
4.275000 0.000047091835
4.285000 0.000047877360
4.295000 0.000043530053
4.305000 0.000049984506
4.315000 0.000046027979
4.325000 0.000047432605
4.335000 0.000047782475
4.345000 0.000046099543
4.355000 0.000046362027
4.365000 0.000050460180
4.375000 0.000049409563
4.385000 0.000051665568
4.395000 0.000050046118
4.405000 0.000051885787
4.415000 0.000053047497
4.425000 0.000054228891
4.435000 0.000047195402
4.445000 0.000054929272
4.455000 0.000056144359
4.465000 0.000049326458
4.475000 0.000054015435
4.485000 0.000051173496
4.495000 0.000054520127
4.505000 0.000050875635
4.515000 0.000054173160
4.525000 0.000054868196
4.535000 0.000052493439
4.545000 0.000054452661
4.555000 0.000059703297
4.565000 0.000058719662
4.575000 0.000059064679
4.585000 0.000058570360
4.595000 0.000058350170
4.605000 0.000059177810
4.615000 0.000059350350
4.625000 0.000058312611
4.635000 0.000058838304
4.645000 0.000061774256
4.655000 0.000064230746
4.665000 0.000071681623
4.675000 0.000065312150
4.685000 0.000061695627
4.695000 0.000064899933
4.705000 0.000058439768
4.715000 0.000063325316
4.725000 0.000061199934
4.735000 0.000066215129
4.745000 0.000063188046
4.755000 0.000067881261
4.765000 0.000070053789
4.775000 0.000066187511
4.785000 0.000070704778
4.795000 0.000069748437
4.805000 0.000069228980
4.815000 0.000070360240
4.825000 0.000072310009
4.835000 0.000064955545
4.845000 0.000074265070
4.855000 0.000069114422
4.865000 0.000068339110
4.875000 0.000066503552
4.885000 0.000068496991
4.895000 0.000082800362
4.905000 0.000072306260
4.915000 0.000071397498
4.925000 0.000072157583
4.935000 0.000075164457
4.945000 0.000073431964
4.955000 0.000076439525
4.965000 0.000071007095
4.975000 0.000075285464
4.985000 0.000075103982
4.995000 0.000070796168
5.005000 0.000078223800
5.015000 0.000074536266
5.025000 0.000070656095
5.035000 0.000076446118
5.045000 0.000073050624
5.055000 0.000079039207
5.065000 0.000071727757
5.075000 0.000073484079
5.085000 0.000071676713
5.095000 0.000078728837
5.105000 0.000081079575
5.115000 0.000074817850
5.125000 0.000081377468
5.135000 0.000081661605
5.145000 0.000077530307
5.155000 0.000078760655
5.165000 0.000077097826
5.175000 0.000071540250
5.185000 0.000078256157
5.195000 0.000080305411
5.205000 0.000080425361
5.215000 0.000079896593
5.225000 0.000079943767
5.235000 0.000084435058
5.245000 0.000079101442
5.255000 0.000075053627
5.265000 0.000078497031
5.275000 0.000086011303
5.285000 0.000078994687
5.295000 0.000082286975
5.305000 0.000080501019
5.315000 0.000081878906
5.325000 0.000080954439
5.335000 0.000081792167
5.345000 0.000081597502
5.355000 0.000076748993
5.365000 0.000080937681
5.375000 0.000077538230
5.385000 0.000087408014
5.395000 0.000084982128
5.405000 0.000083013052
5.415000 0.000078891859
5.425000 0.000082120172
5.435000 0.000082693584
5.445000 0.000081455520
5.455000 0.000081038817
5.465000 0.000081325765
5.475000 0.000086744036
5.485000 0.000086379808
5.495000 0.000083823894
5.505000 0.000082176459
5.515000 0.000083014201
5.525000 0.000081795605
5.535000 0.000081556464
5.545000 0.000081743805
5.555000 0.000083445837
5.565000 0.000085246664
5.575000 0.000083783607
5.585000 0.000084273087
5.595000 0.000079026562
5.605000 0.000076917004
5.615000 0.000081540440
5.625000 0.000080499172
5.635000 0.000090062176
5.645000 0.000081186284
5.655000 0.000081263627
5.665000 0.000080726790
5.675000 0.000080256350
5.685000 0.000079164652
5.695000 0.000084319819
5.705000 0.000082369751
5.715000 0.000085216111
5.725000 0.000078667504
5.735000 0.000074815185
5.745000 0.000080691522
5.755000 0.000078754282
5.765000 0.000081650398
5.775000 0.000077643694
5.785000 0.000080174360
5.795000 0.000081151280
5.805000 0.000073865348
5.815000 0.000075989128
5.825000 0.000078863554
5.835000 0.000081569092
5.845000 0.000079529981
5.855000 0.000077999877
5.865000 0.000077692423
5.875000 0.000074916954
5.885000 0.000074099295
5.895000 0.000078457816
5.905000 0.000079914346
5.915000 0.000077918640
5.925000 0.000080152893
5.935000 0.000078515210
5.945000 0.000082368455
5.955000 0.000075388589
5.965000 0.000075594271
5.975000 0.000076775657
5.985000 0.000073789906
5.995000 0.000071067713
6.005000 0.000074530000
6.015000 0.000075609085
6.025000 0.000075371731
6.035000 0.000078596660
6.045000 0.000076430596
6.055000 0.000075496534
6.065000 0.000075198587
6.075000 0.000077954690
6.085000 0.000074854115
6.095000 0.000075094881
6.105000 0.000077323194
6.115000 0.000076234793
6.125000 0.000074846841
6.135000 0.000078238674
6.145000 0.000075774518
6.155000 0.000069870680
6.165000 0.000072780453
6.175000 0.000077426748
6.185000 0.000074840218
6.195000 0.000076486685
6.205000 0.000073604031
6.215000 0.000072309759
6.225000 0.000067222189
6.235000 0.000067817138
6.245000 0.000073144490
6.255000 0.000073956069
6.265000 0.000071374855
6.275000 0.000075837516
6.285000 0.000072155635
6.295000 0.000076232608
6.305000 0.000069924007
6.315000 0.000071750738
6.325000 0.000068323737
6.335000 0.000074594272
6.345000 0.000069739910
6.355000 0.000071546262
6.365000 0.000069611253
6.375000 0.000072141526
6.385000 0.000069703818
6.395000 0.000070982147
6.405000 0.000064631235
6.415000 0.000073928091
6.425000 0.000072527270
6.435000 0.000069793356
6.445000 0.000068463519
6.455000 0.000065257492
6.465000 0.000069499636
6.475000 0.000063687836
6.485000 0.000069522013
6.495000 0.000069826801
6.505000 0.000067681184
6.515000 0.000072924638
6.525000 0.000068504977
6.535000 0.000071535033
6.545000 0.000069070900
6.555000 0.000067280712
6.565000 0.000065824862
6.575000 0.000067624062
6.585000 0.000067988986
6.595000 0.000067709078
6.605000 0.000065408831
6.615000 0.000066737007
6.625000 0.000070146760
6.635000 0.000066420838
6.645000 0.000063315493
6.655000 0.000065871279
6.665000 0.000067358405
6.675000 0.000065438741
6.685000 0.000064023122
6.695000 0.000068710272
6.705000 0.000063516382
6.715000 0.000064752559
6.725000 0.000063971784
6.735000 0.000064431024
6.745000 0.000065637278
6.755000 0.000064584943
6.765000 0.000064755166
6.775000 0.000065847149
6.785000 0.000067631593
6.795000 0.000064080271
6.805000 0.000062762436
6.815000 0.000062229920
6.825000 0.000063306430
6.835000 0.000061556758
6.845000 0.000061915442
6.855000 0.000062989999
6.865000 0.000062699544
6.875000 0.000061188625
6.885000 0.000066261506
6.895000 0.000062342134
6.905000 0.000061177290
6.915000 0.000062170237
6.925000 0.000062875021
6.935000 0.000063057618
6.945000 0.000061908932
6.955000 0.000063903821
6.965000 0.000063842289
6.975000 0.000059799141
6.985000 0.000062757419
6.995000 0.000062149522
7.005000 0.000063046797
7.015000 0.000062616812
7.025000 0.000061412352
7.035000 0.000057384994
7.045000 0.000064298984
7.055000 0.000061727083
7.065000 0.000060010406
7.075000 0.000060292922
7.085000 0.000061873548
7.095000 0.000060441564
7.105000 0.000063423477
7.115000 0.000059498817
7.125000 0.000061947739
7.135000 0.000059355936
7.145000 0.000060231204
7.155000 0.000060456850
7.165000 0.000057037781
7.175000 0.000060359004
7.185000 0.000058754053
7.195000 0.000060622950
7.205000 0.000061020044
7.215000 0.000059970442
7.225000 0.000060364957
7.235000 0.000060232835
7.245000 0.000060408769
7.255000 0.000058533034
7.265000 0.000061954478
7.275000 0.000059524522
7.285000 0.000058900637
7.295000 0.000060144315
7.305000 0.000059204449
7.315000 0.000057974260
7.325000 0.000059306225
7.335000 0.000057847037
7.345000 0.000060322082
7.355000 0.000057345810
7.365000 0.000058275801
7.375000 0.000059253135
7.385000 0.000058353956
7.395000 0.000060758440
7.405000 0.000057508397
7.415000 0.000058973881
7.425000 0.000056430278
7.435000 0.000058641443
7.445000 0.000054526562
7.455000 0.000058842524
7.465000 0.000055717979
7.475000 0.000057497409
7.485000 0.000060722736
7.495000 0.000057566776
7.505000 0.000060567240
7.515000 0.000058520264
7.525000 0.000055951000
7.535000 0.000058382326
7.545000 0.000055555247
7.555000 0.000057774857
7.565000 0.000057390049
7.575000 0.000055797729
7.585000 0.000056308287
7.595000 0.000056405171
7.605000 0.000058829608
7.615000 0.000057177675
7.625000 0.000056447354
7.635000 0.000058086279
7.645000 0.000060946591
7.655000 0.000055837861
7.665000 0.000056869432
7.675000 0.000055438152
7.685000 0.000056068303
7.695000 0.000057238625
7.705000 0.000058202580
7.715000 0.000059076207
7.725000 0.000056994550
7.735000 0.000056918123
7.745000 0.000058684729
7.755000 0.000059123888
7.765000 0.000056651656
7.775000 0.000058522461
7.785000 0.000055983741
7.795000 0.000059225461
7.805000 0.000057713054
7.815000 0.000055628568
7.825000 0.000058681091
7.835000 0.000057867964
7.845000 0.000057253737
7.855000 0.000057230897
7.865000 0.000057248161
7.875000 0.000058000864
7.885000 0.000056430752
7.895000 0.000057059555
7.905000 0.000056029798
7.915000 0.000056767243
7.925000 0.000055447877
7.935000 0.000057221708
7.945000 0.000058891324
7.955000 0.000056326656
7.965000 0.000056727031
7.975000 0.000054869795
7.985000 0.000055178044
7.995000 0.000055264340
8.005000 0.000057141072
8.015000 0.000058668262
8.025000 0.000057973914
8.035000 0.000057683866
8.045000 0.000055899452
8.055000 0.000057928197
8.065000 0.000056942261
8.075000 0.000057191233
8.085000 0.000057671597
8.095000 0.000059290388
8.105000 0.000054675112
8.115000 0.000058378796
8.125000 0.000057327750
8.135000 0.000057759974
8.145000 0.000054228994
8.155000 0.000057752895
8.165000 0.000057810193
8.175000 0.000058746383
8.185000 0.000055274423
8.195000 0.000056512649
8.205000 0.000056979535
8.215000 0.000056213219
8.225000 0.000055524881
8.235000 0.000059614713
8.245000 0.000056840467
8.255000 0.000055189496
8.265000 0.000056761382
8.275000 0.000058682286
8.285000 0.000055573961
8.295000 0.000057153374
8.305000 0.000058083272
8.315000 0.000057955692
8.325000 0.000055584857
8.335000 0.000057900741
8.345000 0.000059486369
8.355000 0.000057502209
8.365000 0.000057754441
8.375000 0.000056571996
8.385000 0.000056498813
8.395000 0.000055394133
8.405000 0.000056815733
8.415000 0.000058262116
8.425000 0.000057606887
8.435000 0.000056311786
8.445000 0.000057368308
8.455000 0.000056317757
8.465000 0.000056674847
8.475000 0.000055459098
8.485000 0.000056790670
8.495000 0.000056049158
8.505000 0.000057879413
8.515000 0.000057042951
8.525000 0.000058380679
8.535000 0.000058506042
8.545000 0.000060653104
8.555000 0.000057927176
8.565000 0.000055915079
8.575000 0.000059024846
8.585000 0.000058784194
8.595000 0.000055135238
8.605000 0.000058094412
8.615000 0.000055251374
8.625000 0.000057451319
8.635000 0.000057103772
8.645000 0.000056987156
8.655000 0.000056920477
8.665000 0.000057891251
8.675000 0.000055219436
8.685000 0.000056244037
8.695000 0.000056180078
8.705000 0.000055921500
8.715000 0.000057553295
8.725000 0.000058429816
8.735000 0.000054749120
8.745000 0.000056435820
8.755000 0.000057260402
8.765000 0.000055469751
8.775000 0.000057040258
8.785000 0.000058950239
8.795000 0.000055944374
8.805000 0.000055969376
8.815000 0.000055703628
8.825000 0.000056188087
8.835000 0.000058946061
8.845000 0.000056339542
8.855000 0.000060022712
8.865000 0.000055852699
8.875000 0.000058139531
8.885000 0.000056409706
8.895000 0.000059179469
8.905000 0.000057370575
8.915000 0.000058262605
8.925000 0.000057111089
8.935000 0.000059114920
8.945000 0.000057576847
8.955000 0.000057640766
8.965000 0.000055096541
8.975000 0.000059131376
8.985000 0.000058573562
8.995000 0.000057853577
9.005000 0.000058567001
9.015000 0.000057408419
9.025000 0.000057585990
9.035000 0.000059509401
9.045000 0.000057246966
9.055000 0.000061043114
9.065000 0.000056637625
9.075000 0.000057776940
9.085000 0.000058015586
9.095000 0.000057387575
9.105000 0.000058586544
9.115000 0.000058093003
9.125000 0.000058004496
9.135000 0.000058317400
9.145000 0.000055459392
9.155000 0.000057495198
9.165000 0.000058540597
9.175000 0.000058298012
9.185000 0.000058985566
9.195000 0.000058577558
9.205000 0.000055711042
9.215000 0.000056507342
9.225000 0.000057056043
9.235000 0.000058727368
9.245000 0.000059864115
9.255000 0.000060378910
9.265000 0.000059465699
9.275000 0.000061176817
9.285000 0.000057336697
9.295000 0.000059067489
9.305000 0.000057166125
9.315000 0.000057604268
9.325000 0.000057531468
9.335000 0.000060266958
9.345000 0.000057613854
9.355000 0.000057732281
9.365000 0.000060393294
9.375000 0.000058153045
9.385000 0.000057638923
9.395000 0.000060356219
9.405000 0.000059473466
9.415000 0.000057894175
9.425000 0.000059799967
9.435000 0.000058497283
9.445000 0.000059680565
9.455000 0.000057880118
9.465000 0.000058133733
9.475000 0.000060297396
9.485000 0.000059351440
9.495000 0.000060771798
9.505000 0.000060621636
9.515000 0.000062088042
9.525000 0.000058424144
9.535000 0.000059331719
9.545000 0.000060720656
9.555000 0.000058634291
9.565000 0.000063716177
9.575000 0.000061521035
9.585000 0.000059429665
9.595000 0.000058882878
9.605000 0.000060739234
9.615000 0.000059915244
9.625000 0.000057724368
9.635000 0.000059955040
9.645000 0.000060276446
9.655000 0.000061187743
9.665000 0.000059248313
9.675000 0.000057745317
9.685000 0.000060799090
9.695000 0.000058603246
9.705000 0.000060305757
9.715000 0.000058737884
9.725000 0.000059590684
9.735000 0.000059612422
9.745000 0.000059858249
9.755000 0.000060649123
9.765000 0.000058431559
9.775000 0.000058874252
9.785000 0.000060855786
9.795000 0.000058186555
9.805000 0.000060690076
9.815000 0.000060746096
9.825000 0.000058788852
9.835000 0.000060736549
9.845000 0.000061083057
9.855000 0.000061452234
9.865000 0.000059222461
9.875000 0.000060452253
9.885000 0.000060120787
9.895000 0.000060820130
9.905000 0.000059810690
9.915000 0.000059165951
9.925000 0.000059748056
9.935000 0.000062239280
9.945000 0.000060138422
9.955000 0.000060647395
9.965000 0.000060429370
9.975000 0.000061539016
9.985000 0.000060021969
9.995000 0.000060578005
10.005000 0.000061158025
10.015000 0.000060406524
10.025000 0.000059508170
10.035000 0.000062006240
10.045000 0.000060722783
10.055000 0.000060261933
10.065000 0.000062826483
10.075000 0.000059803677
10.085000 0.000060526416
10.095000 0.000060600562
10.105000 0.000062300283
10.115000 0.000062248940
10.125000 0.000059002371
10.135000 0.000060568805
10.145000 0.000058712894
10.155000 0.000058779559
10.165000 0.000061171673
10.175000 0.000060913769
10.185000 0.000061736273
10.195000 0.000061371605
10.205000 0.000060667364
10.215000 0.000060101073
10.225000 0.000062026311
10.235000 0.000061927594
10.245000 0.000061448471
10.255000 0.000059369537
10.265000 0.000062159352
10.275000 0.000061584847
10.285000 0.000060190652
10.295000 0.000061689363
10.305000 0.000062175067
10.315000 0.000062127309
10.325000 0.000061618087
10.335000 0.000060644455
10.345000 0.000060295876
10.355000 0.000061054117
10.365000 0.000062308464
10.375000 0.000061251451
10.385000 0.000061643756
10.395000 0.000062247099
10.405000 0.000061528835
10.415000 0.000062131793
10.425000 0.000062316665
10.435000 0.000060743925
10.445000 0.000061397300
10.455000 0.000060744066
10.465000 0.000061836281
10.475000 0.000060958016
10.485000 0.000062265282
10.495000 0.000062342285
10.505000 0.000063785049
10.515000 0.000062647425
10.525000 0.000061735043
10.535000 0.000062857220
10.545000 0.000061237168
10.555000 0.000060086763
10.565000 0.000062948002
10.575000 0.000061812039
10.585000 0.000060612921
10.595000 0.000062556462
10.605000 0.000062150379
10.615000 0.000062581565
10.625000 0.000060899967
10.635000 0.000063524982
10.645000 0.000062535770
10.655000 0.000059478337
10.665000 0.000059819003
10.675000 0.000061203783
10.685000 0.000064056726
10.695000 0.000062364802
10.705000 0.000063503177
10.715000 0.000061326426
10.725000 0.000063170615
10.735000 0.000062111039
10.745000 0.000063352850
10.755000 0.000061054530
10.765000 0.000061816290
10.775000 0.000063377241
10.785000 0.000060937940
10.795000 0.000060988402
10.805000 0.000059706451
10.815000 0.000059786866
10.825000 0.000062624017
10.835000 0.000061652362
10.845000 0.000062248117
10.855000 0.000061348429
10.865000 0.000062727252
10.875000 0.000062004212
10.885000 0.000063030023
10.895000 0.000063358761
10.905000 0.000063075363
10.915000 0.000061122120
10.925000 0.000060660058
10.935000 0.000062979625
10.945000 0.000061968865
10.955000 0.000063557782
10.965000 0.000063101653
10.975000 0.000060856412
10.985000 0.000062410870
10.995000 0.000061462971
11.005000 0.000061251226
11.015000 0.000062133509
11.025000 0.000060629855
11.035000 0.000063995880
11.045000 0.000060482457
11.055000 0.000060769230
11.065000 0.000062015975
11.075000 0.000063559451
11.085000 0.000061332334
11.095000 0.000061637507
11.105000 0.000061130279
11.115000 0.000062159849
11.125000 0.000061897428
11.135000 0.000062943026
11.145000 0.000062406961
11.155000 0.000061765740
11.165000 0.000060356200
11.175000 0.000062722233
11.185000 0.000064698560
11.195000 0.000062714027
11.205000 0.000062988512
11.215000 0.000062056786
11.225000 0.000061898406
11.235000 0.000062345709
11.245000 0.000062271291
11.255000 0.000062526911
11.265000 0.000062083911
11.275000 0.000062319189
11.285000 0.000060654779
11.295000 0.000060789796
11.305000 0.000063468079
11.315000 0.000063231517
11.325000 0.000061958179
11.335000 0.000061775941
11.345000 0.000061813919
11.355000 0.000061975681
11.365000 0.000061397880
11.375000 0.000063975525
11.385000 0.000061409153
11.395000 0.000063962591
11.405000 0.000063308516
11.415000 0.000061656536
11.425000 0.000063500190
11.435000 0.000062212137
11.445000 0.000061139250
11.455000 0.000061397112
11.465000 0.000062001548
11.475000 0.000065362868
11.485000 0.000061365569
11.495000 0.000061292840
11.505000 0.000061617330
11.515000 0.000060670471
11.525000 0.000062262477
11.535000 0.000062346407
11.545000 0.000063744420
11.555000 0.000061312260
11.565000 0.000061912881
11.575000 0.000061826332
11.585000 0.000062694741
11.595000 0.000062947240
11.605000 0.000061879666
11.615000 0.000062878707
11.625000 0.000063265558
11.635000 0.000061919423
11.645000 0.000062235887
11.655000 0.000062626037
11.665000 0.000064057798
11.675000 0.000062373943
11.685000 0.000062674826
11.695000 0.000060970369
11.705000 0.000062343322
11.715000 0.000062977598
11.725000 0.000061324537
11.735000 0.000061016965
11.745000 0.000059983985
11.755000 0.000060482050
11.765000 0.000060564235
11.775000 0.000062983929
11.785000 0.000061966872
11.795000 0.000063121038
11.805000 0.000063383380
11.815000 0.000063241384
11.825000 0.000061990976
11.835000 0.000060922988
11.845000 0.000062770490
11.855000 0.000061045333
11.865000 0.000060691271
11.875000 0.000061737371
11.885000 0.000062490934
11.895000 0.000062268986
11.905000 0.000063916623
11.915000 0.000062687926
11.925000 0.000062422786
11.935000 0.000059925031
11.945000 0.000061288495
11.955000 0.000061873285
11.965000 0.000062257633
11.975000 0.000061555169
11.985000 0.000061787873
11.995000 0.000063139626
12.005000 0.000062269566
12.015000 0.000063371089
12.025000 0.000061819231
12.035000 0.000061948292
12.045000 0.000061798902
12.055000 0.000061642074
12.065000 0.000062550459
12.075000 0.000060463270
12.085000 0.000060434281
12.095000 0.000060590525
12.105000 0.000060087468
12.115000 0.000062799463
12.125000 0.000062354130
12.135000 0.000060759634
12.145000 0.000060546179
12.155000 0.000062207970
12.165000 0.000062507122
12.175000 0.000060691907
12.185000 0.000061700685
12.195000 0.000061870152
12.205000 0.000061093975
12.215000 0.000061601385
12.225000 0.000062197199
12.235000 0.000062509230
12.245000 0.000060450343
12.255000 0.000062915130
12.265000 0.000061567757
12.275000 0.000063042296
12.285000 0.000061253665
12.295000 0.000062162641
12.305000 0.000061952613
12.315000 0.000061787693
12.325000 0.000061242100
12.335000 0.000061539569
12.345000 0.000062538048
12.355000 0.000061648905
12.365000 0.000062332323
12.375000 0.000062082920
12.385000 0.000060586511
12.395000 0.000061571990
12.405000 0.000062005600
12.415000 0.000063009531
12.425000 0.000060728269
12.435000 0.000062535803
12.445000 0.000059703343
12.455000 0.000060966656
12.465000 0.000061058199
12.475000 0.000060660769
12.485000 0.000060847378
12.495000 0.000062411264
12.505000 0.000060706876
12.515000 0.000060869051
12.525000 0.000061126829
12.535000 0.000061083604
12.545000 0.000061532345
12.555000 0.000061031891
12.565000 0.000061348044
12.575000 0.000061352629
12.585000 0.000063195445
12.595000 0.000061085768
12.605000 0.000061690442
12.615000 0.000062745019
12.625000 0.000061081346
12.635000 0.000062096528
12.645000 0.000061431265
12.655000 0.000062528233
12.665000 0.000061793094
12.675000 0.000059856923
12.685000 0.000059919856
12.695000 0.000060489562
12.705000 0.000061065284
12.715000 0.000061709974
12.725000 0.000061182314
12.735000 0.000062629131
12.745000 0.000060285534
12.755000 0.000062134614
12.765000 0.000061510238
12.775000 0.000062338772
12.785000 0.000062312994
12.795000 0.000062870946
12.805000 0.000062864801
12.815000 0.000061916089
12.825000 0.000060104265
12.835000 0.000060366183
12.845000 0.000060910373
12.855000 0.000060891114
12.865000 0.000060596389
12.875000 0.000060704821
12.885000 0.000060798454
12.895000 0.000060791415
12.905000 0.000061353304
12.915000 0.000061029523
12.925000 0.000063264747
12.935000 0.000060122499
12.945000 0.000059940294
12.955000 0.000060476426
12.965000 0.000062240099
12.975000 0.000060707469
12.985000 0.000063697026
12.995000 0.000062335418
13.005000 0.000061119480
13.015000 0.000062065879
13.025000 0.000059811180
13.035000 0.000060767066
13.045000 0.000062233146
13.055000 0.000061289529
13.065000 0.000060009762
13.075000 0.000062177602
13.085000 0.000061896323
13.095000 0.000061365451
13.105000 0.000061134491
13.115000 0.000061585370
13.125000 0.000061734743
13.135000 0.000061371269
13.145000 0.000062835953
13.155000 0.000061204384
13.165000 0.000061403912
13.175000 0.000058744098
13.185000 0.000059674187
13.195000 0.000060444666
13.205000 0.000060400770
13.215000 0.000060357095
13.225000 0.000061130795
13.235000 0.000059844866
13.245000 0.000061009127
13.255000 0.000061215977
13.265000 0.000062185519
13.275000 0.000061926786
13.285000 0.000060030750
13.295000 0.000061329462
13.305000 0.000061863774
13.315000 0.000058904004
13.325000 0.000062091487
13.335000 0.000059538866
13.345000 0.000060319268
13.355000 0.000060723805
13.365000 0.000060850864
13.375000 0.000059643832
13.385000 0.000062534598
13.395000 0.000059516502
13.405000 0.000061944579
13.415000 0.000060976810
13.425000 0.000060976019
13.435000 0.000059968078
13.445000 0.000061542210
13.455000 0.000060418952
13.465000 0.000060931284
13.475000 0.000062178602
13.485000 0.000061438299
13.495000 0.000061834883
13.505000 0.000060744818
13.515000 0.000061502925
13.525000 0.000059917258
13.535000 0.000061502406
13.545000 0.000060672159
13.555000 0.000060329870
13.565000 0.000061050095
13.575000 0.000059714557
13.585000 0.000059318323
13.595000 0.000061254939
13.605000 0.000060632570
13.615000 0.000061308136
13.625000 0.000060752057
13.635000 0.000060658814
13.645000 0.000061377025
13.655000 0.000061510370
13.665000 0.000060961354
13.675000 0.000061782695
13.685000 0.000060587214
13.695000 0.000060575305
13.705000 0.000062089606
13.715000 0.000060258536
13.725000 0.000061765928
13.735000 0.000061134043
13.745000 0.000061087789
13.755000 0.000062112304
13.765000 0.000058938152
13.775000 0.000059944606
13.785000 0.000062640204
13.795000 0.000061239109
13.805000 0.000060410396
13.815000 0.000062528924
13.825000 0.000061012596
13.835000 0.000060423831
13.845000 0.000060368461
13.855000 0.000059693553
13.865000 0.000061812248
13.875000 0.000061799980
13.885000 0.000060742465
13.895000 0.000061212440
13.905000 0.000060290167
13.915000 0.000058048719
13.925000 0.000060984157
13.935000 0.000061937829
13.945000 0.000060575186
13.955000 0.000059942011
13.965000 0.000062057817
13.975000 0.000059449038
13.985000 0.000059595331
13.995000 0.000061526824
14.005000 0.000059850684
14.015000 0.000060967050
14.025000 0.000060038051
14.035000 0.000062002255
14.045000 0.000061102256
14.055000 0.000060717796
14.065000 0.000061532905
14.075000 0.000061792350
14.085000 0.000062002821
14.095000 0.000059588018
14.105000 0.000061791183
14.115000 0.000061295291
14.125000 0.000060561941
14.135000 0.000061637815
14.145000 0.000061069853
14.155000 0.000060927347
14.165000 0.000061721700
14.175000 0.000060055640
14.185000 0.000063435089
14.195000 0.000060648016
14.205000 0.000060481694
14.215000 0.000061792418
14.225000 0.000059469098
14.235000 0.000061714272
14.245000 0.000060957859
14.255000 0.000060379393
14.265000 0.000060868059
14.275000 0.000060129290
14.285000 0.000060142103
14.295000 0.000061237552
14.305000 0.000060155591
14.315000 0.000061023540
14.325000 0.000060920715
14.335000 0.000060256636
14.345000 0.000061051704
14.355000 0.000060801004
14.365000 0.000060448941
14.375000 0.000060710492
14.385000 0.000060592463
14.395000 0.000060600918
14.405000 0.000062401460
14.415000 0.000061434951
14.425000 0.000060450048
14.435000 0.000061751528
14.445000 0.000058639038
14.455000 0.000060627104
14.465000 0.000060473025
14.475000 0.000062562673
14.485000 0.000061879137
14.495000 0.000061768419
14.505000 0.000059665484
14.515000 0.000060176215
14.525000 0.000060575132
14.535000 0.000061741257
14.545000 0.000059948040
14.555000 0.000060933222
14.565000 0.000061013317
14.575000 0.000059076830
14.585000 0.000061319184
14.595000 0.000060883197
14.605000 0.000059908721
14.615000 0.000059498806
14.625000 0.000059486895
14.635000 0.000060612098
14.645000 0.000062090529
14.655000 0.000060507308
14.665000 0.000060101190
14.675000 0.000060639149
14.685000 0.000059831295
14.695000 0.000059891830
14.705000 0.000059890691
14.715000 0.000060489643
14.725000 0.000060362988
14.735000 0.000061116244
14.745000 0.000062755656
14.755000 0.000061879888
14.765000 0.000061414153
14.775000 0.000059286796
14.785000 0.000059645273
14.795000 0.000061247897
14.805000 0.000061689364
14.815000 0.000060940320
14.825000 0.000060481011
14.835000 0.000061686268
14.845000 0.000060750161
14.855000 0.000063198354
14.865000 0.000061619676
14.875000 0.000061926852
14.885000 0.000060279135
14.895000 0.000059704529
14.905000 0.000061814424
14.915000 0.000062044917
14.925000 0.000061275060
14.935000 0.000060932773
14.945000 0.000060055106
14.955000 0.000060292899
14.965000 0.000060405629
14.975000 0.000060057416
14.985000 0.000060656543
14.995000 0.000062038593
15.005000 0.000061488402
15.015000 0.000060101922
15.025000 0.000060334047
15.035000 0.000060496900
15.045000 0.000061914105
15.055000 0.000059503309
15.065000 0.000061158543
15.075000 0.000061088625
15.085000 0.000060691631
15.095000 0.000059676670
15.105000 0.000062161903
15.115000 0.000061751112
15.125000 0.000061010200
15.135000 0.000060361836
15.145000 0.000060973597
15.155000 0.000061377813
15.165000 0.000061293780
15.175000 0.000060495065
15.185000 0.000060205684
15.195000 0.000061281267
15.205000 0.000062126053
15.215000 0.000060681695
15.225000 0.000061100711
15.235000 0.000060397548
15.245000 0.000058822600
15.255000 0.000060785689
15.265000 0.000060491224
15.275000 0.000061370000
15.285000 0.000060008467
15.295000 0.000062273288
15.305000 0.000061001050
15.315000 0.000060614228
15.325000 0.000060357414
15.335000 0.000060644024
15.345000 0.000060932857
15.355000 0.000063019675
15.365000 0.000060252541
15.375000 0.000061177729
15.385000 0.000061139268
15.395000 0.000061224571
15.405000 0.000061686764
15.415000 0.000061360659
15.425000 0.000060274057
15.435000 0.000060931042
15.445000 0.000060683962
15.455000 0.000061467913
15.465000 0.000061635042
15.475000 0.000061541329
15.485000 0.000061220594
15.495000 0.000061282907
15.505000 0.000061865945
15.515000 0.000060782591
15.525000 0.000062070099
15.535000 0.000061272870
15.545000 0.000060413446
15.555000 0.000060784757
15.565000 0.000061051991
15.575000 0.000061260032
15.585000 0.000060517477
15.595000 0.000061538381
15.605000 0.000061600571
15.615000 0.000060493929
15.625000 0.000061105632
15.635000 0.000059510146
15.645000 0.000061462383
15.655000 0.000062902811
15.665000 0.000060473662
15.675000 0.000061100520
15.685000 0.000060680885
15.695000 0.000060149998
15.705000 0.000061664986
15.715000 0.000060844439
15.725000 0.000060413449
15.735000 0.000062621308
15.745000 0.000061303376
15.755000 0.000061277294
15.765000 0.000061272483
15.775000 0.000061219299
15.785000 0.000062072018
15.795000 0.000059965836
15.805000 0.000061168002
15.815000 0.000060877432
15.825000 0.000061834783
15.835000 0.000061233633
15.845000 0.000060378989
15.855000 0.000061421334
15.865000 0.000061501763
15.875000 0.000060492957
15.885000 0.000061104200
15.895000 0.000061501817
15.905000 0.000060442807
15.915000 0.000061160272
15.925000 0.000061014948
15.935000 0.000061554789
15.945000 0.000060640494
15.955000 0.000060953017
15.965000 0.000062606682
15.975000 0.000061505706
15.985000 0.000061074685
15.995000 0.000059929037
16.005000 0.000061539296
16.015000 0.000062090553
16.025000 0.000061196280
16.035000 0.000060865274
16.045000 0.000062293401
16.055000 0.000060746130
16.065000 0.000061256521
16.075000 0.000062121263
16.085000 0.000062247936
16.095000 0.000061692042
16.105000 0.000060786614
16.115000 0.000061387290
16.125000 0.000061249673
16.135000 0.000061373294
16.145000 0.000061496209
16.155000 0.000059236450
16.165000 0.000062254113
16.175000 0.000061120854
16.185000 0.000060997809
16.195000 0.000060689852
16.205000 0.000062441283
16.215000 0.000061241463
16.225000 0.000061828463
16.235000 0.000060820883
16.245000 0.000061112428
16.255000 0.000059759361
16.265000 0.000060977992
16.275000 0.000061614054
16.285000 0.000060058463
16.295000 0.000060885560
16.305000 0.000061039422
16.315000 0.000060759862
16.325000 0.000061123102
16.335000 0.000060090860
16.345000 0.000062467735
16.355000 0.000060766394
16.365000 0.000061457995
16.375000 0.000059559533
16.385000 0.000061277978
16.395000 0.000060763557
16.405000 0.000059514683
16.415000 0.000060408803
16.425000 0.000060123298
16.435000 0.000060945263
16.445000 0.000062101875
16.455000 0.000060644869
16.465000 0.000060234778
16.475000 0.000060409427
16.485000 0.000061697065
16.495000 0.000060612324
16.505000 0.000061853803
16.515000 0.000060045485
16.525000 0.000061595017
16.535000 0.000061011623
16.545000 0.000060741782
16.555000 0.000060502149
16.565000 0.000060902742
16.575000 0.000060926184
16.585000 0.000060243875
16.595000 0.000060725757
16.605000 0.000061432251
16.615000 0.000060066815
16.625000 0.000060737427
16.635000 0.000060110225
16.645000 0.000061121359
16.655000 0.000060453946
16.665000 0.000059484683
16.675000 0.000061345088
16.685000 0.000061758856
16.695000 0.000061040723
16.705000 0.000061457208
16.715000 0.000061824923
16.725000 0.000062051412
16.735000 0.000060238818
16.745000 0.000061954137
16.755000 0.000061633242
16.765000 0.000061641819
16.775000 0.000061349162
16.785000 0.000060760094
16.795000 0.000060824139
16.805000 0.000062052053
16.815000 0.000060967215
16.825000 0.000060943689
16.835000 0.000060718691
16.845000 0.000060172754
16.855000 0.000061248618
16.865000 0.000060162784
16.875000 0.000060545216
16.885000 0.000061461804
16.895000 0.000061456264
16.905000 0.000060088589
16.915000 0.000061262196
16.925000 0.000059539369
16.935000 0.000060567066
16.945000 0.000061236547
16.955000 0.000060042224
16.965000 0.000061648787
16.975000 0.000060368693
16.985000 0.000060488710
16.995000 0.000060988400
17.005000 0.000060487547
17.015000 0.000062316391
17.025000 0.000061120568
17.035000 0.000060921346
17.045000 0.000060951897
17.055000 0.000060531018
17.065000 0.000060432244
17.075000 0.000060765226
17.085000 0.000060521958
17.095000 0.000061527277
17.105000 0.000059782015
17.115000 0.000061488513
17.125000 0.000060737556
17.135000 0.000060432870
17.145000 0.000060988666
17.155000 0.000062776354
17.165000 0.000060475024
17.175000 0.000060542475
17.185000 0.000060916323
17.195000 0.000060258675
17.205000 0.000059917498
17.215000 0.000060858152
17.225000 0.000060603428
17.235000 0.000061965789
17.245000 0.000061103138
17.255000 0.000060200095
17.265000 0.000060555279
17.275000 0.000058978973
17.285000 0.000060291102
17.295000 0.000061138534
17.305000 0.000060735465
17.315000 0.000062210234
17.325000 0.000061552792
17.335000 0.000061734067
17.345000 0.000060173096
17.355000 0.000060898272
17.365000 0.000060343625
17.375000 0.000061400632
17.385000 0.000060355781
17.395000 0.000060703560
17.405000 0.000061064374
17.415000 0.000061553784
17.425000 0.000061529587
17.435000 0.000060735938
17.445000 0.000060487906
17.455000 0.000060849988
17.465000 0.000061011415
17.475000 0.000061310651
17.485000 0.000061715284
17.495000 0.000059322905
17.505000 0.000060150768
17.515000 0.000061294654
17.525000 0.000061500449
17.535000 0.000061641283
17.545000 0.000061630267
17.555000 0.000060482445
17.565000 0.000061320121
17.575000 0.000059691180
17.585000 0.000061468379
17.595000 0.000060348653
17.605000 0.000060309902
17.615000 0.000061610176
17.625000 0.000060944393
17.635000 0.000060099540
17.645000 0.000060971526
17.655000 0.000059779731
17.665000 0.000061373437
17.675000 0.000059702166
17.685000 0.000059790732
17.695000 0.000060552723
17.705000 0.000060192908
17.715000 0.000060515112
17.725000 0.000060848504
17.735000 0.000060374765
17.745000 0.000061513326
17.755000 0.000061585860
17.765000 0.000061099731
17.775000 0.000061852140
17.785000 0.000061407456
17.795000 0.000061527669
17.805000 0.000060053923
17.815000 0.000061749801
17.825000 0.000060500677
17.835000 0.000060688594
17.845000 0.000061628898
17.855000 0.000059775917
17.865000 0.000060498081
17.875000 0.000061836649
17.885000 0.000060387532
17.895000 0.000061026410
17.905000 0.000061090064
17.915000 0.000060607958
17.925000 0.000061462749
17.935000 0.000060649303
17.945000 0.000060573910
17.955000 0.000060749764
17.965000 0.000060687130
17.975000 0.000060778830
17.985000 0.000061399686
17.995000 0.000061719822
18.005000 0.000062255315
18.015000 0.000060557252
18.025000 0.000060648987
18.035000 0.000060652617
18.045000 0.000061234011
18.055000 0.000061248755
18.065000 0.000060977671
18.075000 0.000060915004
18.085000 0.000061571833
18.095000 0.000060921005
18.105000 0.000060014815
18.115000 0.000061279557
18.125000 0.000059717789
18.135000 0.000060838739
18.145000 0.000061449044
18.155000 0.000061204087
18.165000 0.000060466667
18.175000 0.000060534878
18.185000 0.000060198941
18.195000 0.000061726862
18.205000 0.000060223197
18.215000 0.000059871546
18.225000 0.000059586435
18.235000 0.000060577484
18.245000 0.000061235021
18.255000 0.000060598967
18.265000 0.000059635809
18.275000 0.000059569038
18.285000 0.000060934941
18.295000 0.000062442621
18.305000 0.000061528860
18.315000 0.000060842667
18.325000 0.000060464586
18.335000 0.000062108534
18.345000 0.000059989408
18.355000 0.000060547963
18.365000 0.000059852126
18.375000 0.000061009055
18.385000 0.000060655372
18.395000 0.000060470616
18.405000 0.000061431488
18.415000 0.000059984226
18.425000 0.000062451335
18.435000 0.000060696683
18.445000 0.000060660953
18.455000 0.000060871980
18.465000 0.000061145036
18.475000 0.000060762369
18.485000 0.000060836952
18.495000 0.000061332206
18.505000 0.000060910250
18.515000 0.000061021264
18.525000 0.000060646949
18.535000 0.000060491975
18.545000 0.000060177143
18.555000 0.000060924647
18.565000 0.000061803147
18.575000 0.000059889576
18.585000 0.000061507658
18.595000 0.000060570986
18.605000 0.000060330135
18.615000 0.000060752117
18.625000 0.000060931439
18.635000 0.000059757034
18.645000 0.000061655822
18.655000 0.000060548263
18.665000 0.000059658076
18.675000 0.000060953142
18.685000 0.000060956577
18.695000 0.000061085741
18.705000 0.000060325379
18.715000 0.000060474736
18.725000 0.000060157896
18.735000 0.000061168680
18.745000 0.000060682876
18.755000 0.000060513953
18.765000 0.000060796864
18.775000 0.000060455856
18.785000 0.000060421151
18.795000 0.000060300523
18.805000 0.000060260638
18.815000 0.000061391445
18.825000 0.000060949210
18.835000 0.000061243515
18.845000 0.000059959421
18.855000 0.000060649754
18.865000 0.000060320207
18.875000 0.000060597361
18.885000 0.000062599342
18.895000 0.000061295433
18.905000 0.000060549883
18.915000 0.000060890006
18.925000 0.000060049358
18.935000 0.000061219268
18.945000 0.000061107415
18.955000 0.000061907094
18.965000 0.000062218485
18.975000 0.000059470030
18.985000 0.000060981484
18.995000 0.000059812474
19.005000 0.000060835338
19.015000 0.000061024723
19.025000 0.000060986495
19.035000 0.000061115120
19.045000 0.000061766742
19.055000 0.000061833164
19.065000 0.000060602929
19.075000 0.000061126722
19.085000 0.000060338553
19.095000 0.000060183637
19.105000 0.000061500951
19.115000 0.000061768730
19.125000 0.000060719668
19.135000 0.000060634362
19.145000 0.000061352474
19.155000 0.000061034491
19.165000 0.000060535031
19.175000 0.000060890012
19.185000 0.000061300142
19.195000 0.000060817831
19.205000 0.000060449467
19.215000 0.000060982443
19.225000 0.000061056530
19.235000 0.000061437501
19.245000 0.000061012018
19.255000 0.000062117912
19.265000 0.000061228375
19.275000 0.000060708209
19.285000 0.000062252223
19.295000 0.000060128119
19.305000 0.000061134382
19.315000 0.000060780900
19.325000 0.000061824873
19.335000 0.000060538800
19.345000 0.000061476680
19.355000 0.000061608066
19.365000 0.000060855201
19.375000 0.000060811346
19.385000 0.000060957782
19.395000 0.000062206244
19.405000 0.000059762758
19.415000 0.000062183712
19.425000 0.000060306302
19.435000 0.000060895079
19.445000 0.000061405484
19.455000 0.000061477072
19.465000 0.000060687266
19.475000 0.000061176027
19.485000 0.000060982498
19.495000 0.000060353160
19.505000 0.000060742923
19.515000 0.000060437949
19.525000 0.000061303145
19.535000 0.000060843147
19.545000 0.000061296743
19.555000 0.000062844784
19.565000 0.000060550199
19.575000 0.000059993791
19.585000 0.000061673661
19.595000 0.000061553959
19.605000 0.000061209122
19.615000 0.000061403196
19.625000 0.000061662564
19.635000 0.000062625982
19.645000 0.000060772017
19.655000 0.000061192340
19.665000 0.000061794481
19.675000 0.000061812441
19.685000 0.000061134883
19.695000 0.000061576375
19.705000 0.000061722847
19.715000 0.000061026026
19.725000 0.000061755522
19.735000 0.000061288298
19.745000 0.000061227233
19.755000 0.000062184855
19.765000 0.000061181576
19.775000 0.000061773325
19.785000 0.000061967360
19.795000 0.000062033656
19.805000 0.000061576478
19.815000 0.000061679997
19.825000 0.000062446795
19.835000 0.000061564581
19.845000 0.000061913215
19.855000 0.000062786860
19.865000 0.000061559150
19.875000 0.000061587631
19.885000 0.000061855966
19.895000 0.000061176419
19.905000 0.000061875153
19.915000 0.000061196294
19.925000 0.000060631992
19.935000 0.000061942648
19.945000 0.000061840559
19.955000 0.000061335751
19.965000 0.000061347649
19.975000 0.000061232309
19.985000 0.000061837625
19.995000 0.000062131722
