   2.7217200e-03   6.9213991e+02   3.6322460e+00
   3.1947400e-03   4.9639463e+02   9.3118429e+00
   3.6696500e-03   4.4078373e+02   2.4133977e+00
   4.1432700e-03   3.3209292e+02   1.6593552e+00
   4.5822600e-03   2.3084353e+02   1.3764380e+00
   4.9827300e-03   1.6143045e+02   1.1124085e+00
   5.4291200e-03   9.7593463e+01   8.2489162e-01
   5.8870600e-03   5.1544823e+01   6.4348542e-01
   6.3032300e-03   2.5959584e+01   4.8333899e-01
   6.7149800e-03   1.0157879e+01   3.7922743e-01
   7.1309000e-03   1.9600036e+00   2.7173409e-01
   7.5570400e-03  -1.0150121e+00   1.9024110e-01
   8.0015700e-03  -9.8601975e-01   1.3628993e-01
   8.4631300e-03   1.4161464e+00   1.1473824e-01
   8.9171100e-03   3.7874406e+00   1.1315342e-01
   9.3607800e-03   5.5657748e+00   1.1680583e-01
   9.7989800e-03   6.7134941e+00   1.2381933e-01
   1.0230600e-02   6.8035550e+00   1.2247973e-01
   1.0656500e-02   5.8605770e+00   1.1387086e-01
   1.1091960e-02   4.6138802e+00   1.0042389e-01
   1.1570290e-02   3.5702616e+00   8.5807884e-02
   1.2039530e-02   2.2854788e+00   7.7719814e-02
   1.2475540e-02   1.2380931e+00   6.7691470e-02
   1.2925000e-02   9.3276103e-01   5.9388498e-02
   1.3379170e-02   8.1664196e-01   5.0050224e-02
   1.3885090e-02   1.0374094e+00   4.2168414e-02
   1.4431810e-02   1.2770132e+00   4.0907694e-02
   1.4979470e-02   1.3834944e+00   4.1389353e-02
   1.5499650e-02   1.5545681e+00   4.5884877e-02
   1.5981840e-02   1.5824176e+00   4.6727523e-02
   1.6466130e-02   1.3398293e+00   4.5854888e-02
   1.6959760e-02   1.1432608e+00   4.0808841e-02
   1.7466020e-02   9.8158333e-01   3.7026147e-02
   1.8018950e-02   7.6602393e-01   3.1993791e-02
   1.8580540e-02   6.5238424e-01   3.0503710e-02
   1.9107700e-02   5.9426846e-01   2.8806248e-02
   1.9650390e-02   5.6334966e-01   2.7269718e-02
   2.0237060e-02   6.0185965e-01   2.5685441e-02
   2.0827130e-02   7.0198583e-01   2.5839676e-02
   2.1390100e-02   6.6996219e-01   2.5320761e-02
   2.1968180e-02   6.5906448e-01   2.5234504e-02
   2.2556530e-02   6.2219640e-01   2.5048797e-02
   2.3132000e-02   5.7353377e-01   2.4376616e-02
   2.3715830e-02   5.0359748e-01   2.3719930e-02
   2.4310450e-02   4.9109624e-01   2.2578673e-02
   2.4913840e-02   5.1938057e-01   2.1375826e-02
   2.5555250e-02   5.6148280e-01   2.0445471e-02
   2.6204000e-02   5.4098437e-01   2.0166806e-02
   2.6854130e-02   5.0069601e-01   1.9318211e-02
   2.7516240e-02   5.2387844e-01   1.9307893e-02
   2.8175240e-02   5.0330358e-01   1.8027308e-02
   2.8868320e-02   4.6375196e-01   1.7591716e-02
   2.9607990e-02   4.5569141e-01   1.7626700e-02
   3.0334410e-02   4.0574638e-01   1.8645911e-02
   3.1047270e-02   4.6437464e-01   2.0224687e-02
   3.1763680e-02   5.1867941e-01   2.2384056e-02
   3.2494230e-02   4.5543374e-01   2.2953729e-02
   3.3251100e-02   4.6085994e-01   2.4949630e-02
   3.4009260e-02   4.4546788e-01   2.5835663e-02
   3.4772870e-02   4.8219904e-01   2.7631440e-02
   3.5562360e-02   4.4332220e-01   2.8517009e-02
   3.6367870e-02   4.0785760e-01   3.1157442e-02
   3.7173640e-02   4.4741036e-01   3.3423469e-02
   3.8002500e-02   4.7031863e-01   3.7753627e-02
   3.8841600e-02   4.5236053e-01   4.3652616e-02
   3.9687370e-02   5.0846719e-01   5.7076537e-02
   4.0543830e-02   5.5181337e-01   9.7699160e-02
   4.1341710e-02   3.0423422e-01   7.6608636e-02
   4.2099430e-02   4.3044074e-01   1.6363830e-01
   4.3572810e-02   5.1615236e-01   4.9749676e-02
   4.5044000e-02   4.4819830e-01   5.6422988e-02
   4.6446730e-02   4.3456130e-01   1.7099568e-02
   4.8135700e-02   4.5039320e-01   1.6575678e-02
   4.9955020e-02   4.1225988e-01   1.3884913e-02
   5.1233480e-02   4.0499303e-01   1.3918165e-02
   5.2879860e-02   4.1398922e-01   1.6574518e-02
   5.4432690e-02   4.3234192e-01   1.5777180e-02
   5.5918540e-02   4.4292391e-01   1.2288330e-02
   5.7600770e-02   4.2828109e-01   1.4050753e-02
   5.9168300e-02   4.0897513e-01   1.3064289e-02
   6.0994170e-02   4.0400080e-01   1.0005544e-02
   6.2786910e-02   4.2170600e-01   1.1122040e-02
   6.4587260e-02   4.1925991e-01   1.1509203e-02
   6.6351400e-02   4.4559574e-01   9.7359450e-03
   6.8111210e-02   4.3217628e-01   1.0789047e-02
   6.9991610e-02   4.0600834e-01   1.1320735e-02
   7.1713760e-02   4.2459942e-01   9.4398168e-03
   7.3474520e-02   4.1882104e-01   1.0278287e-02
   7.5415250e-02   4.1995400e-01   1.0040616e-02
   7.7313940e-02   4.2774467e-01   7.7942131e-03
   7.9345300e-02   4.2416696e-01   9.5650638e-03
   8.1486400e-02   4.0841037e-01   8.1410369e-03
   8.3324560e-02   4.2123911e-01   8.1412303e-03
   8.5412800e-02   4.1647205e-01   8.9794746e-03
   8.7591420e-02   4.2194939e-01   7.3803433e-03
   8.9558830e-02   4.3160617e-01   8.3370849e-03
   9.1804350e-02   4.2546341e-01   7.8269907e-03
   9.3880370e-02   4.1380944e-01   6.9847298e-03
   9.6176660e-02   4.3214786e-01   8.1901276e-03
   9.8450500e-02   4.2640100e-01   6.7288847e-03
   1.0051043e-01   4.2500867e-01   7.9522938e-03
   1.0294981e-01   4.2330878e-01   6.8785253e-03
   1.0512391e-01   4.3135702e-01   7.0153647e-03
   1.0755278e-01   4.2532537e-01   6.9775217e-03
   1.0990883e-01   4.1622944e-01   6.1389425e-03
   1.1244154e-01   4.2225002e-01   6.5986877e-03
   1.1499993e-01   4.2568177e-01   5.7908441e-03
   1.1750239e-01   4.2890035e-01   6.2901512e-03
   1.2020322e-01   4.2631618e-01   5.5986771e-03
   1.2282100e-01   4.1023412e-01   6.0160456e-03
   1.2554282e-01   4.1324068e-01   5.5965754e-03
   1.2810408e-01   4.2487324e-01   5.7975181e-03
   1.3102353e-01   4.2760662e-01   5.4063137e-03
   1.3370214e-01   4.2828874e-01   5.6094742e-03
   1.3663349e-01   4.1331686e-01   5.0948174e-03
   1.3946530e-01   4.1975849e-01   5.3697713e-03
   1.4251987e-01   4.2255451e-01   4.7890724e-03
   1.4553400e-01   4.2128895e-01   5.1598191e-03
   1.4856066e-01   4.1242507e-01   4.6453965e-03
   1.5183509e-01   4.1634880e-01   4.8325173e-03
   1.5484856e-01   4.2775368e-01   4.5678705e-03
   1.5828075e-01   4.2661865e-01   4.6035371e-03
   1.6140872e-01   4.1132698e-01   4.4773395e-03
   1.6482463e-01   4.1467451e-01   4.3251271e-03
   1.6831944e-01   4.1772040e-01   4.3393776e-03
   1.7164852e-01   4.1712616e-01   4.1905956e-03
   1.7532467e-01   4.1651871e-01   4.1903241e-03
   1.7876744e-01   4.2150337e-01   4.0932709e-03
   1.8241077e-01   4.2207886e-01   3.8810495e-03
   1.8639341e-01   4.2016814e-01   3.8668972e-03
   1.9008794e-01   4.1923040e-01   3.8412739e-03
   1.9382503e-01   4.1275045e-01   3.7058458e-03
   1.9793047e-01   4.0820864e-01   3.6778141e-03
   2.0196078e-01   4.1662259e-01   3.5735932e-03
   2.0589023e-01   4.2973680e-01   3.5450276e-03
   2.1010643e-01   4.2646855e-01   3.4086343e-03
   2.1447847e-01   4.1088926e-01   3.3700223e-03
   2.1877480e-01   4.0988646e-01   3.3359742e-03
   2.2302420e-01   4.2022195e-01   3.2970997e-03
   2.2751415e-01   4.1740385e-01   3.1577423e-03
   2.3214025e-01   4.2273321e-01   3.1014533e-03
   2.3680051e-01   4.1402667e-01   3.0240655e-03
   2.4155418e-01   4.0662493e-01   3.0154328e-03
   2.4631334e-01   4.1356439e-01   2.9771204e-03
   2.5109113e-01   4.1541376e-01   2.9089295e-03
   2.5611512e-01   4.1569416e-01   2.7850177e-03
   2.6127861e-01   4.1865066e-01   2.7317744e-03
   2.6654021e-01   4.1200431e-01   2.6581735e-03
   2.7185319e-01   4.1265550e-01   2.6642972e-03
   2.7719600e-01   4.1455227e-01   2.5942648e-03
   2.8267257e-01   4.2031741e-01   2.5649623e-03
   2.8829269e-01   4.1269427e-01   2.4932749e-03
   2.9397450e-01   4.1311624e-01   2.4693339e-03
   2.9975375e-01   4.1605253e-01   2.4217274e-03
   3.0567867e-01   4.1084574e-01   2.3919076e-03
   3.1163605e-01   4.1273922e-01   2.3878489e-03
   3.1774468e-01   4.1646845e-01   2.3495480e-03
   3.2400374e-01   4.1142380e-01   2.3371543e-03
   3.3031886e-01   4.0963731e-01   2.3025635e-03
   3.3679567e-01   4.1583878e-01   2.2709871e-03
   3.4347727e-01   4.1607078e-01   2.2685485e-03
   3.5025256e-01   4.0976024e-01   2.2842633e-03
   3.5711088e-01   4.1080627e-01   2.2899873e-03
   3.6402107e-01   4.0938136e-01   2.2992910e-03
   3.7111563e-01   4.0837534e-01   2.2557783e-03
   3.7844949e-01   4.1315068e-01   2.2436893e-03
   3.8585516e-01   4.1279944e-01   2.2549651e-03
   3.9336977e-01   4.0546975e-01   2.2321740e-03
   4.0105392e-01   4.0865231e-01   2.2181119e-03
   4.0888170e-01   4.1075476e-01   2.2298859e-03
   4.1685032e-01   4.1198044e-01   2.1861250e-03
   4.2495624e-01   4.1303020e-01   2.1990637e-03
   4.3328380e-01   4.0354343e-01   2.1564984e-03
   4.4165071e-01   4.0748503e-01   2.1668761e-03
   4.5031574e-01   4.1528439e-01   2.1306538e-03
   4.5900486e-01   4.0747853e-01   2.1375259e-03
   4.6796546e-01   4.0325016e-01   2.0913969e-03
   4.7711386e-01   4.1036705e-01   2.1036196e-03
   4.8626432e-01   4.1216642e-01   2.0699521e-03
   4.9580203e-01   4.0498839e-01   2.0576023e-03
   5.0549565e-01   4.0702714e-01   2.0530989e-03
   5.1522328e-01   4.1344635e-01   2.0523097e-03
   5.2508621e-01   4.0742426e-01   2.0330638e-03
   5.3530281e-01   4.0379906e-01   1.9899023e-03
   5.4573432e-01   4.0222865e-01   1.9753738e-03
   5.5633493e-01   4.0220007e-01   2.0071452e-03
   5.6715525e-01   4.0790225e-01   2.0511729e-03
   5.7784791e-01   4.0975365e-01   2.3487615e-03
   5.8906605e-01   4.0057192e-01   2.6787160e-03
   6.0047680e-01   4.0216307e-01   3.1403389e-03
   6.1204215e-01   4.1207308e-01   4.0541870e-03
   6.2369515e-01   3.9897952e-01   1.6992378e-02
   6.3518401e-01   3.8278718e-01   3.4868398e-02
   6.4574395e-01   4.1203095e-01   8.6865500e-03
