   2.7217200e-03   1.9865528e+03   1.0977997e+01
   3.1947400e-03   1.9114642e+03   3.0256839e+01
   3.6696500e-03   1.8772313e+03   8.2127987e+00
   4.1432700e-03   1.4848054e+03   6.1667410e+00
   4.5822600e-03   1.0276445e+03   5.2314946e+00
   4.9827300e-03   6.7187312e+02   4.2014008e+00
   5.4291200e-03   3.7579612e+02   3.0670184e+00
   5.8870600e-03   1.9990413e+02   2.3535996e+00
   6.3032300e-03   9.8351786e+01   1.7268430e+00
   6.7149800e-03   4.1514167e+01   1.3494301e+00
   7.1309000e-03   1.2115748e+01   9.5814640e-01
   7.5570400e-03  -1.4294152e+00   6.6184770e-01
   8.0015700e-03  -2.7055795e+00   4.6381055e-01
   8.4631300e-03   1.9329874e+00   3.6180100e-01
   8.9171100e-03   9.1085378e+00   3.4346093e-01
   9.3607800e-03   1.6010690e+01   3.5006178e-01
   9.7989800e-03   1.9937491e+01   3.7380589e-01
   1.0230600e-02   2.0391916e+01   3.6974197e-01
   1.0656500e-02   2.0243245e+01   3.5236010e-01
   1.1091960e-02   1.6488362e+01   3.1179426e-01
   1.1570290e-02   1.1063587e+01   2.6221948e-01
   1.2039530e-02   7.2479715e+00   2.3528919e-01
   1.2475540e-02   4.3400547e+00   2.0128714e-01
   1.2925000e-02   2.3595074e+00   1.6910149e-01
   1.3379170e-02   1.8354857e+00   1.3981855e-01
   1.3885090e-02   2.2568586e+00   1.1380686e-01
   1.4431810e-02   3.4019921e+00   1.1359891e-01
   1.4979470e-02   4.1816901e+00   1.1582145e-01
   1.5499650e-02   4.7341009e+00   1.2993263e-01
   1.5981840e-02   4.6472459e+00   1.3201147e-01
   1.6466130e-02   4.0862463e+00   1.2954257e-01
   1.6959760e-02   3.3700151e+00   1.1422804e-01
   1.7466020e-02   2.8028939e+00   1.0131141e-01
   1.8018950e-02   2.0484723e+00   8.4149723e-02
   1.8580540e-02   1.4170533e+00   7.6372909e-02
   1.9107700e-02   9.9600597e-01   6.7661633e-02
   1.9650390e-02   1.0221565e+00   6.2581997e-02
   2.0237060e-02   1.1244187e+00   5.8067715e-02
   2.0827130e-02   1.2197122e+00   5.7294249e-02
   2.1390100e-02   1.2693413e+00   5.6996723e-02
   2.1968180e-02   1.2456795e+00   5.5845586e-02
   2.2556530e-02   1.1133658e+00   5.4645647e-02
   2.3132000e-02   9.9371992e-01   5.2881264e-02
   2.3715830e-02   8.6712441e-01   5.0432395e-02
   2.4310450e-02   9.0464761e-01   4.7914920e-02
   2.4913840e-02   9.0309824e-01   4.5172362e-02
   2.5555250e-02   7.9948881e-01   4.1928197e-02
   2.6204000e-02   8.0763026e-01   4.1352646e-02
   2.6854130e-02   8.8592405e-01   3.9923961e-02
   2.7516240e-02   8.7269454e-01   3.9207761e-02
   2.8175240e-02   7.6509393e-01   3.6439641e-02
   2.8868320e-02   6.0947010e-01   3.4309780e-02
   2.9607990e-02   6.6600110e-01   3.4553545e-02
   3.0334410e-02   6.9457522e-01   3.6473844e-02
   3.1047270e-02   6.3712281e-01   3.8832981e-02
   3.1763680e-02   5.6229547e-01   4.2134210e-02
   3.2494230e-02   5.8396258e-01   4.3243222e-02
   3.3251100e-02   7.5091556e-01   4.7991459e-02
   3.4009260e-02   6.1409921e-01   4.8452810e-02
   3.4772870e-02   5.4038369e-01   5.1764557e-02
   3.5562360e-02   5.6426096e-01   5.3074764e-02
   3.6367870e-02   6.1402962e-01   5.9551681e-02
   3.7173640e-02   5.9222531e-01   6.1644715e-02
   3.8002500e-02   7.1628140e-01   7.2401576e-02
   3.8841600e-02   5.1978855e-01   7.7193012e-02
   3.9687370e-02   5.4627600e-01   1.0680518e-01
   4.0543830e-02   3.5430456e-01   2.0950475e-01
   4.1341710e-02   5.7711079e-01   1.5092655e-01
   4.2099430e-02   1.0028551e+00   3.9215107e-01
   4.3572810e-02   3.7851706e-01   9.5063111e-02
   4.5044000e-02   3.7982301e-01   1.3444970e-01
   4.6446730e-02   5.0922829e-01   3.1049282e-02
   4.8135700e-02   5.4463217e-01   3.0802971e-02
   4.9955020e-02   5.4116323e-01   2.6557380e-02
   5.1233480e-02   5.1070800e-01   2.6186487e-02
   5.2879860e-02   5.5360896e-01   3.2005561e-02
   5.4432690e-02   5.0974111e-01   2.9411333e-02
   5.5918540e-02   5.5374400e-01   2.3511081e-02
   5.7600770e-02   5.0162201e-01   2.6258288e-02
   5.9168300e-02   5.1097046e-01   2.4677386e-02
   6.0994170e-02   5.1940880e-01   1.9014805e-02
   6.2786910e-02   4.7527515e-01   2.0605471e-02
   6.4587260e-02   5.1981267e-01   2.1950237e-02
   6.6351400e-02   5.2497637e-01   1.8121843e-02
   6.8111210e-02   5.6106095e-01   2.0657166e-02
   6.9991610e-02   5.0693870e-01   2.1384844e-02
   7.1713760e-02   5.0781035e-01   1.7783577e-02
   7.3474520e-02   5.2558369e-01   1.9448499e-02
   7.5415250e-02   4.9996881e-01   1.8718892e-02
   7.7313940e-02   5.1186913e-01   1.4627119e-02
   7.9345300e-02   4.9364936e-01   1.7747581e-02
   8.1486400e-02   4.8970095e-01   1.5226752e-02
   8.3324560e-02   5.0565211e-01   1.5192934e-02
   8.5412800e-02   5.1664312e-01   1.6768535e-02
   8.7591420e-02   5.2862157e-01   1.3892229e-02
   8.9558830e-02   4.6621371e-01   1.5346047e-02
   9.1804350e-02   5.0101296e-01   1.4615608e-02
   9.3880370e-02   5.3686491e-01   1.3167481e-02
   9.6176660e-02   5.1401229e-01   1.5283307e-02
   9.8450500e-02   5.1507604e-01   1.2617548e-02
   1.0051043e-01   5.1194666e-01   1.4865357e-02
   1.0294981e-01   4.8009980e-01   1.2769660e-02
   1.0512391e-01   5.1903421e-01   1.3124554e-02
   1.0755278e-01   5.3858582e-01   1.3072912e-02
   1.0990883e-01   5.0548994e-01   1.1491105e-02
   1.1244154e-01   4.7471428e-01   1.2214627e-02
   1.1499993e-01   5.0251240e-01   1.0789625e-02
   1.1750239e-01   5.1638236e-01   1.1747980e-02
   1.2020322e-01   5.0706886e-01   1.0442477e-02
   1.2282100e-01   5.1746273e-01   1.1318516e-02
   1.2554282e-01   4.9922946e-01   1.0479497e-02
   1.2810408e-01   4.9458133e-01   1.0764751e-02
   1.3102353e-01   5.1844192e-01   1.0140235e-02
   1.3370214e-01   4.9672847e-01   1.0360026e-02
   1.3663349e-01   5.0755558e-01   9.5438289e-03
   1.3946530e-01   4.9162170e-01   9.9351268e-03
   1.4251987e-01   4.8489076e-01   8.8696009e-03
   1.4553400e-01   5.0132482e-01   9.5823266e-03
   1.4856066e-01   4.8733165e-01   8.6001973e-03
   1.5183509e-01   5.0755062e-01   8.9900354e-03
   1.5484856e-01   5.0603662e-01   8.4486533e-03
   1.5828075e-01   4.8170519e-01   8.4625488e-03
   1.6140872e-01   4.7106810e-01   8.2494812e-03
   1.6482463e-01   4.8259529e-01   7.9616175e-03
   1.6831944e-01   5.0110448e-01   8.0303010e-03
   1.7164852e-01   4.9119945e-01   7.7304848e-03
   1.7532467e-01   4.8401660e-01   7.7133018e-03
   1.7876744e-01   4.9110682e-01   7.5399779e-03
   1.8241077e-01   4.8154408e-01   7.1051655e-03
   1.8639341e-01   4.8785577e-01   7.1141983e-03
   1.9008794e-01   4.8142403e-01   7.0366307e-03
   1.9382503e-01   4.7614565e-01   6.8111538e-03
   1.9793047e-01   4.7851527e-01   6.7610226e-03
   2.0196078e-01   5.0126377e-01   6.5799499e-03
   2.0589023e-01   4.9899360e-01   6.5104112e-03
   2.1010643e-01   4.6037494e-01   6.1966462e-03
   2.1447847e-01   4.7133296e-01   6.1548581e-03
   2.1877480e-01   4.8957837e-01   6.1199659e-03
   2.2302420e-01   4.7168190e-01   5.9957290e-03
   2.2751415e-01   4.7325390e-01   5.7657625e-03
   2.3214025e-01   4.8338226e-01   5.6554900e-03
   2.3680051e-01   4.6571659e-01   5.5073680e-03
   2.4155418e-01   4.6757295e-01   5.5136301e-03
   2.4631334e-01   4.7919986e-01   5.4423943e-03
   2.5109113e-01   4.8549211e-01   5.3203561e-03
   2.5611512e-01   4.7336671e-01   5.0883214e-03
   2.6127861e-01   4.6153110e-01   4.9517203e-03
   2.6654021e-01   4.7757969e-01   4.8601502e-03
   2.7185319e-01   4.7057993e-01   4.8323393e-03
   2.7719600e-01   4.6629745e-01   4.7240120e-03
   2.8267257e-01   4.6398634e-01   4.6475744e-03
   2.8829269e-01   4.7383332e-01   4.5387441e-03
   2.9397450e-01   4.7837078e-01   4.5066943e-03
   2.9975375e-01   4.6147090e-01   4.3874451e-03
   3.0567867e-01   4.7404402e-01   4.3667060e-03
   3.1163605e-01   4.6794677e-01   4.3316586e-03
   3.1774468e-01   4.6229084e-01   4.2645278e-03
   3.2400374e-01   4.6352849e-01   4.2405717e-03
   3.3031886e-01   4.6895824e-01   4.1834561e-03
   3.3679567e-01   4.6678827e-01   4.1237659e-03
   3.4347727e-01   4.6242561e-01   4.1069765e-03
   3.5025256e-01   4.7145522e-01   4.1657228e-03
   3.5711088e-01   4.6388631e-01   4.1520746e-03
   3.6402107e-01   4.6858137e-01   4.1913767e-03
   3.7111563e-01   4.6092857e-01   4.0925982e-03
   3.7844949e-01   4.6206523e-01   4.0800099e-03
   3.8585516e-01   4.6548729e-01   4.0927651e-03
   3.9336977e-01   4.7328901e-01   4.0705686e-03
   4.0105392e-01   4.6316604e-01   4.0327272e-03
   4.0888170e-01   4.5307213e-01   4.0331656e-03
   4.1685032e-01   4.6756679e-01   3.9806991e-03
   4.2495624e-01   4.5681471e-01   3.9744277e-03
   4.3328380e-01   4.6596297e-01   3.9315120e-03
   4.4165071e-01   4.6956932e-01   3.9390262e-03
   4.5031574e-01   4.5816559e-01   3.8627517e-03
   4.5900486e-01   4.5392068e-01   3.8756738e-03
   4.6796546e-01   4.6428853e-01   3.8056797e-03
   4.7711386e-01   4.5977183e-01   3.8185851e-03
   4.8626432e-01   4.5885981e-01   3.7571712e-03
   4.9580203e-01   4.6651188e-01   3.7504097e-03
   5.0549565e-01   4.6020938e-01   3.7382504e-03
   5.1522328e-01   4.6316071e-01   3.7304521e-03
   5.2508621e-01   4.7010600e-01   3.7171283e-03
   5.3530281e-01   4.5610545e-01   3.6189807e-03
   5.4573432e-01   4.5964510e-01   3.6084800e-03
   5.5633493e-01   4.5700645e-01   3.6569748e-03
   5.6715525e-01   4.6000140e-01   3.7343865e-03
   5.7784791e-01   4.6729823e-01   4.2830522e-03
   5.8906605e-01   4.5221770e-01   4.8751540e-03
   6.0047680e-01   4.5329132e-01   5.7378685e-03
   6.1204215e-01   4.6999274e-01   7.3893188e-03
   6.2369515e-01   5.0237242e-01   3.1137833e-02
   6.3518401e-01   3.9555325e-01   6.3697720e-02
   6.4574395e-01   4.7278372e-01   1.5893410e-02
