   2.7217200e-03   1.9865528e+03   1.0977997e+01
   3.1947400e-03   1.9114642e+03   3.0256839e+01
   3.6696500e-03   1.9896018e+03   2.1352778e+01
   4.1432700e-03   1.4596403e+03   4.6846574e+00
   4.5822600e-03   1.0524655e+03   3.7302239e+00
   4.9827300e-03   6.9301731e+02   2.9558111e+00
   5.4291200e-03   3.9271019e+02   2.0427688e+00
   5.8870600e-03   2.0525127e+02   1.6479911e+00
   6.3032300e-03   9.6951918e+01   1.2205070e+00
   6.7149800e-03   4.1194132e+01   8.7788428e-01
   7.1309000e-03   1.0266072e+01   6.4817137e-01
   7.5570400e-03  -2.4306034e+00   4.5610182e-01
   8.0015700e-03  -4.0578157e+00   3.2636936e-01
   8.4631300e-03   5.6797048e-01   2.5622450e-01
   8.9171100e-03   8.1177089e+00   2.4051131e-01
   9.3607800e-03   1.4668585e+01   2.3996835e-01
   9.7989800e-03   1.9259447e+01   2.4812570e-01
   1.0230600e-02   2.0139959e+01   2.4125674e-01
   1.0656500e-02   1.9689905e+01   2.3579462e-01
   1.1091960e-02   1.6160131e+01   2.1074972e-01
   1.1570290e-02   1.1527414e+01   1.7370500e-01
   1.2039530e-02   7.4066237e+00   1.5977648e-01
   1.2475540e-02   4.4786328e+00   1.3167882e-01
   1.2925000e-02   2.5889934e+00   1.0820652e-01
   1.3379170e-02   2.0325035e+00   9.5979644e-02
   1.3885090e-02   2.2683690e+00   8.1070544e-02
   1.4431810e-02   3.3318787e+00   8.2855036e-02
   1.4979470e-02   4.0533760e+00   8.2717089e-02
   1.5499650e-02   4.6467079e+00   8.9175282e-02
   1.5981840e-02   4.5100184e+00   8.7752260e-02
   1.6466130e-02   4.1236569e+00   8.3159151e-02
   1.6959760e-02   3.3844891e+00   7.6295938e-02
   1.7466020e-02   2.8125010e+00   6.9420171e-02
   1.8018950e-02   2.0180154e+00   5.7385862e-02
   1.8580540e-02   1.4822521e+00   5.2255019e-02
   1.9107700e-02   1.0563339e+00   4.6822905e-02
   1.9650390e-02   1.0476384e+00   4.2608073e-02
   2.0237060e-02   1.0846592e+00   3.9880613e-02
   2.0827130e-02   1.2168548e+00   3.9858070e-02
   2.1390100e-02   1.2364641e+00   3.9257454e-02
   2.1968180e-02   1.2346227e+00   3.7305342e-02
   2.2556530e-02   1.0996435e+00   3.6673110e-02
   2.3132000e-02   1.0116774e+00   3.5308628e-02
   2.3715830e-02   8.9477487e-01   3.3020692e-02
   2.4310450e-02   8.9975350e-01   3.2191913e-02
   2.4913840e-02   8.7083887e-01   3.0672936e-02
   2.5555250e-02   8.2852987e-01   2.8385986e-02
   2.6204000e-02   8.2414139e-01   2.8472365e-02
   2.6854130e-02   8.7043906e-01   2.7149858e-02
   2.7516240e-02   8.3198624e-01   2.6639374e-02
   2.8175240e-02   7.7180898e-01   2.5285557e-02
   2.8868320e-02   6.4696206e-01   2.3642456e-02
   2.9607990e-02   6.7004766e-01   2.4383774e-02
   3.0334410e-02   6.6479651e-01   2.5550182e-02
   3.1047270e-02   6.2357926e-01   2.6662043e-02
   3.1763680e-02   6.1004038e-01   2.8639244e-02
   3.2494230e-02   5.8808656e-01   2.9424509e-02
   3.3251100e-02   7.0902007e-01   3.2774401e-02
   3.4009260e-02   5.9173425e-01   3.3392282e-02
   3.4772870e-02   6.0281585e-01   3.5023751e-02
   3.5562360e-02   5.3173870e-01   3.6305795e-02
   3.6367870e-02   6.4629428e-01   4.0650907e-02
   3.7173640e-02   5.6500060e-01   4.2544947e-02
   3.8002500e-02   7.0724492e-01   4.9479191e-02
   3.8841600e-02   5.0609066e-01   5.6438316e-02
   3.9687370e-02   5.3093187e-01   9.5273619e-02
   4.0543830e-02   4.9784404e-01   6.8863850e-02
   4.1341710e-02   5.6593788e-01   1.1278457e-01
   4.2099430e-02   8.3978817e-01   2.8750724e-01
   4.3572810e-02   4.3204616e-01   4.0397748e-02
   4.5044000e-02   4.9158579e-01   3.5105291e-02
   4.6446730e-02   4.4416715e-01   6.4712073e-02
   4.8135700e-02   5.3860019e-01   2.3258343e-02
   4.9955020e-02   5.4443028e-01   1.8941542e-02
   5.1233480e-02   5.1188959e-01   1.7691836e-02
   5.2879860e-02   5.5745143e-01   2.1836470e-02
   5.4432690e-02   5.0357425e-01   2.1435706e-02
   5.5918540e-02   5.5311968e-01   1.4446006e-02
   5.7600770e-02   5.0203417e-01   1.8551049e-02
   5.9168300e-02   5.1422573e-01   1.8636180e-02
   6.0994170e-02   5.1308446e-01   1.2750255e-02
   6.2786910e-02   4.8143804e-01   1.5147759e-02
   6.4587260e-02   5.2914525e-01   1.6120879e-02
   6.6351400e-02   5.1266563e-01   1.2390232e-02
   6.8111210e-02   5.5572014e-01   1.4384476e-02
   6.9991610e-02   5.1049373e-01   1.5025719e-02
   7.1713760e-02   5.1673182e-01   1.1875948e-02
   7.3474520e-02   5.1658053e-01   1.3289261e-02
   7.5415250e-02   5.0320206e-01   1.3357529e-02
   7.7313940e-02   5.0981560e-01   1.0373820e-02
   7.9345300e-02   4.9432147e-01   1.2539377e-02
   8.1486400e-02   4.9319310e-01   1.0780703e-02
   8.3324560e-02   5.1040799e-01   1.0636376e-02
   8.5412800e-02   5.0528038e-01   1.1534265e-02
   8.7591420e-02   5.2267275e-01   9.8380579e-03
   8.9558830e-02   4.8037444e-01   1.0650986e-02
   9.1804350e-02   5.0854032e-01   1.0125864e-02
   9.3880370e-02   5.1942017e-01   9.3662958e-03
   9.6176660e-02   5.2099119e-01   1.0313997e-02
   9.8450500e-02   5.1141305e-01   8.9637554e-03
   1.0051043e-01   5.1038916e-01   1.0006411e-02
   1.0294981e-01   4.9214250e-01   8.6677544e-03
   1.0512391e-01   5.1990439e-01   9.0345384e-03
   1.0755278e-01   5.1978740e-01   8.9985904e-03
   1.0990883e-01   5.0982924e-01   8.0350481e-03
   1.1244154e-01   4.8722235e-01   8.3431134e-03
   1.1499993e-01   5.0038322e-01   7.6847786e-03
   1.1750239e-01   5.1062166e-01   8.1374324e-03
   1.2020322e-01   5.0985335e-01   7.3091642e-03
   1.2282100e-01   5.1189914e-01   7.7154528e-03
   1.2554282e-01   5.0436105e-01   7.3355842e-03
   1.2810408e-01   4.9688548e-01   7.2658053e-03
   1.3102353e-01   5.1481203e-01   6.9662128e-03
   1.3370214e-01   4.9657915e-01   7.1289950e-03
   1.3663349e-01   5.0669929e-01   6.5521422e-03
   1.3946530e-01   4.9200327e-01   6.8429341e-03
   1.4251987e-01   4.8825190e-01   6.0715479e-03
   1.4553400e-01   4.9895177e-01   6.7124693e-03
   1.4856066e-01   4.9038976e-01   5.8482073e-03
   1.5183509e-01   5.0667587e-01   6.2310508e-03
   1.5484856e-01   4.9755811e-01   5.8332831e-03
   1.5828075e-01   4.8591220e-01   5.7058510e-03
   1.6140872e-01   4.7724115e-01   5.7962981e-03
   1.6482463e-01   4.8313710e-01   5.3187326e-03
   1.6831944e-01   4.9431888e-01   5.6114121e-03
   1.7164852e-01   4.9243991e-01   5.2440426e-03
   1.7532467e-01   4.8583674e-01   5.1609185e-03
   1.7876744e-01   4.9059638e-01   5.3178228e-03
   1.8241077e-01   4.8135151e-01   4.7878803e-03
   1.8639341e-01   4.8819227e-01   4.8372975e-03
   1.9008794e-01   4.7840182e-01   4.9268920e-03
   1.9382503e-01   4.8072327e-01   4.6022384e-03
   1.9793047e-01   4.8308700e-01   4.5510597e-03
   2.0196078e-01   4.9365103e-01   4.5500877e-03
   2.0589023e-01   4.9208397e-01   4.4653064e-03
   2.1010643e-01   4.7111284e-01   4.2127430e-03
   2.1447847e-01   4.7427343e-01   4.1992552e-03
   2.1877480e-01   4.8020172e-01   4.1925499e-03
   2.2302420e-01   4.7620252e-01   4.0634226e-03
   2.2751415e-01   4.7472218e-01   3.9109530e-03
   2.3214025e-01   4.7834117e-01   3.9099666e-03
   2.3680051e-01   4.6803551e-01   3.7784189e-03
   2.4155418e-01   4.7244502e-01   3.7136505e-03
   2.4631334e-01   4.7680358e-01   3.7011104e-03
   2.5109113e-01   4.7996520e-01   3.6159024e-03
   2.5611512e-01   4.7587533e-01   3.4706226e-03
   2.6127861e-01   4.6532532e-01   3.4121024e-03
   2.6654021e-01   4.7550965e-01   3.3359071e-03
   2.7185319e-01   4.6748722e-01   3.2971179e-03
   2.7719600e-01   4.6908892e-01   3.2252120e-03
   2.8267257e-01   4.6691443e-01   3.1581710e-03
   2.8829269e-01   4.7040675e-01   3.0981872e-03
   2.9397450e-01   4.7677870e-01   3.0836223e-03
   2.9975375e-01   4.6431013e-01   2.9718125e-03
   3.0567867e-01   4.7394477e-01   2.9609149e-03
   3.1163605e-01   4.6446381e-01   2.9584408e-03
   3.1774468e-01   4.6615075e-01   2.8866655e-03
   3.2400374e-01   4.6384000e-01   2.8797114e-03
   3.3031886e-01   4.6636008e-01   2.8575139e-03
   3.3679567e-01   4.6812194e-01   2.8073823e-03
   3.4347727e-01   4.6259378e-01   2.8108793e-03
   3.5025256e-01   4.7163054e-01   2.8400119e-03
   3.5711088e-01   4.6226600e-01   2.8172255e-03
   3.6402107e-01   4.6973112e-01   2.8549327e-03
   3.7111563e-01   4.5960327e-01   2.7798211e-03
   3.7844949e-01   4.6553923e-01   2.7740391e-03
   3.8585516e-01   4.6489045e-01   2.8033406e-03
   3.9336977e-01   4.6863381e-01   2.7671097e-03
   4.0105392e-01   4.6528352e-01   2.7360991e-03
   4.0888170e-01   4.5541994e-01   2.7425438e-03
   4.1685032e-01   4.6608742e-01   2.7134645e-03
   4.2495624e-01   4.5726132e-01   2.6924948e-03
   4.3328380e-01   4.6787612e-01   2.6816132e-03
   4.4165071e-01   4.6349146e-01   2.6767434e-03
   4.5031574e-01   4.6175158e-01   2.6231633e-03
   4.5900486e-01   4.5604549e-01   2.6449879e-03
   4.6796546e-01   4.6176647e-01   2.5751264e-03
   4.7711386e-01   4.5989644e-01   2.6008609e-03
   4.8626432e-01   4.6081976e-01   2.5662473e-03
   4.9580203e-01   4.6353832e-01   2.5416676e-03
   5.0549565e-01   4.6286695e-01   2.5370028e-03
   5.1522328e-01   4.6267296e-01   2.5302785e-03
   5.2508621e-01   4.6752670e-01   2.5153881e-03
   5.3530281e-01   4.5739194e-01   2.4551875e-03
   5.4573432e-01   4.6051729e-01   2.4898882e-03
   5.5633493e-01   4.5778727e-01   2.4694534e-03
   5.6715525e-01   4.5980036e-01   2.4951941e-03
   5.7784791e-01   4.6344952e-01   2.9051803e-03
   5.8906605e-01   4.5398608e-01   3.3376024e-03
   6.0047680e-01   4.5999427e-01   3.1308500e-03
   6.1204215e-01   4.6110026e-01   2.2533982e-02
   6.2369515e-01   5.0237242e-01   3.1137833e-02
   6.3518401e-01   3.9555325e-01   6.3697720e-02
   6.4574395e-01   4.7278372e-01   1.5893410e-02
