   2.7217200e-03   6.4899491e+02   4.9304929e+00
   3.1947400e-03   8.1087566e+02   1.7566167e+01
   3.6696500e-03   1.6169335e+03   1.7921570e+01
   4.1432700e-03   2.2291073e+03   2.0773869e+01
   4.5822600e-03   2.2437686e+03   2.4716702e+01
   4.9827300e-03   1.8198292e+03   2.1427033e+01
   5.4291200e-03   1.0175110e+03   1.3884562e+01
   5.8870600e-03   3.5753711e+02   1.0417474e+01
   6.3032300e-03   5.5028351e+01   8.1044659e+00
   6.7149800e-03  -1.9394440e+01   5.4787724e+00
   7.1309000e-03  -6.2564018e+00   3.6353758e+00
   7.5570400e-03  -8.4707064e+00   2.3535252e+00
   8.0015700e-03  -1.6412846e+00   1.5542750e+00
   8.4631300e-03   4.6800855e+00   1.2164165e+00
   8.9171100e-03   9.3128776e+00   1.1963214e+00
   9.3607800e-03   2.0000604e+01   1.2611668e+00
   9.7989800e-03   2.2184456e+01   1.3483709e+00
   1.0230600e-02   2.5287395e+01   1.3927160e+00
   1.0656500e-02   2.1250172e+01   1.3331461e+00
   1.1091960e-02   1.8808840e+01   1.0914317e+00
   1.1570290e-02   1.3300803e+01   8.8294059e-01
   1.2039530e-02   9.8133492e+00   8.7425669e-01
   1.2475540e-02   6.3786298e+00   8.0153944e-01
   1.2925000e-02   3.2311852e+00   6.5648017e-01
   1.3379170e-02   2.2383210e+00   5.1552942e-01
   1.3885090e-02   3.1149949e+00   3.8646170e-01
   1.4431810e-02   4.0171247e+00   3.6070522e-01
   1.4979470e-02   4.6040849e+00   4.0066671e-01
   1.5499650e-02   6.5034823e+00   4.9182876e-01
   1.5981840e-02   5.9208419e+00   5.3471265e-01
   1.6466130e-02   5.2518920e+00   5.0809620e-01
   1.6959760e-02   4.7883684e+00   4.6248519e-01
   1.7466020e-02   4.2329213e+00   3.8672783e-01
   1.8018950e-02   3.3855381e+00   3.0583706e-01
   1.8580540e-02   1.5315873e+00   2.8739464e-01
   1.9107700e-02   1.6721876e+00   2.7532578e-01
   1.9650390e-02   1.3623959e+00   2.2470645e-01
   2.0237060e-02   9.1066497e-01   1.9211165e-01
   2.0827130e-02   1.4259648e+00   2.0240502e-01
   2.1390100e-02   1.7300134e+00   2.0879391e-01
   2.1968180e-02   1.0219036e+00   1.9408491e-01
   2.2556530e-02   1.6321288e+00   1.9740815e-01
   2.3132000e-02   1.1442649e+00   1.9557571e-01
   2.3715830e-02   1.1365766e+00   1.8363397e-01
   2.4310450e-02   8.6788160e-01   1.7288740e-01
   2.4913840e-02   1.0229676e+00   1.5789877e-01
   2.5555250e-02   8.6268758e-01   1.4572787e-01
   2.6204000e-02   1.2124519e+00   1.4766714e-01
   2.6854130e-02   1.0248975e+00   1.4339999e-01
   2.7516240e-02   8.1310115e-01   1.4117354e-01
   2.8175240e-02   1.0922815e+00   1.3383201e-01
   2.8868320e-02   9.2014419e-01   1.1858329e-01
   2.9607990e-02   7.3682215e-01   1.1313040e-01
   3.0334410e-02   6.9259989e-01   1.2407585e-01
   3.1047270e-02   6.3640576e-01   1.3629237e-01
   3.1763680e-02   7.6371124e-01   1.4649598e-01
   3.2494230e-02   7.0225025e-01   1.4908422e-01
   3.3251100e-02   6.5464919e-01   1.5431997e-01
   3.4009260e-02   5.4538299e-01   1.6446770e-01
   3.4772870e-02   5.6159835e-01   1.7130096e-01
   3.5562360e-02   6.7690573e-01   1.7803203e-01
   3.6367870e-02   4.9903015e-01   1.9711860e-01
   3.7173640e-02   8.7370107e-01   2.1775276e-01
   3.8002500e-02   8.8199389e-01   2.3419211e-01
   3.8841600e-02   2.2460201e-01   2.5161185e-01
   3.9687370e-02   5.1450209e-01   3.0289260e-01
   4.0543830e-02   3.8253551e-01   4.7769660e-01
   4.1341710e-02   1.2610092e+00   9.8792999e-01
   4.2099430e-02   4.3940233e-01   1.0626708e+00
   4.3572810e-02   4.3951293e-01   4.5214651e-01
   4.5044000e-02   4.4905733e-01   1.0974474e-01
   4.6446730e-02   7.6538823e-01   1.0189528e-01
   4.8135700e-02   5.2309640e-01   8.1403245e-02
   4.9955020e-02   6.2279350e-01   9.1678805e-02
   5.1233480e-02   4.3484359e-01   9.8967017e-02
   5.2879860e-02   6.3029941e-01   9.5883088e-02
   5.4432690e-02   4.7053934e-01   1.0481263e-01
   5.5918540e-02   6.3429386e-01   7.9961364e-02
   5.7600770e-02   3.7953201e-01   8.6562008e-02
   5.9168300e-02   7.2098001e-01   8.3375298e-02
   6.0994170e-02   4.7150366e-01   5.9655760e-02
   6.2786910e-02   6.2611546e-01   6.6018592e-02
   6.4587260e-02   4.6203209e-01   7.0073090e-02
   6.6351400e-02   6.2830350e-01   6.3923070e-02
   6.8111210e-02   5.1561435e-01   6.4606021e-02
   6.9991610e-02   5.6510771e-01   7.0385101e-02
   7.1713760e-02   5.9609922e-01   6.7315276e-02
   7.3474520e-02   4.4551474e-01   6.3687840e-02
   7.5415250e-02   6.7924685e-01   6.1876714e-02
   7.7313940e-02   5.4100748e-01   5.3097613e-02
   7.9345300e-02   5.7750318e-01   5.1991473e-02
   8.1486400e-02   4.4506339e-01   5.4344554e-02
   8.3324560e-02   6.9418134e-01   5.6806631e-02
   8.5412800e-02   5.4035109e-01   5.0904596e-02
   8.7591420e-02   5.1045927e-01   5.0288833e-02
   8.9558830e-02   6.3328046e-01   5.2776950e-02
   9.1804350e-02   5.2218025e-01   4.9046483e-02
   9.3880370e-02   5.6120890e-01   4.6557435e-02
   9.6176660e-02   5.9934807e-01   4.6287749e-02
   9.8450500e-02   5.4686294e-01   4.8910156e-02
   1.0051043e-01   4.9747818e-01   4.8796412e-02
   1.0294981e-01   6.3518354e-01   4.4278702e-02
   1.0512391e-01   4.7268149e-01   4.5718347e-02
   1.0755278e-01   5.6585141e-01   4.3401760e-02
   1.0990883e-01   5.9963773e-01   4.0541707e-02
   1.1244154e-01   5.0827012e-01   3.8752986e-02
   1.1499993e-01   5.6765527e-01   3.8739975e-02
   1.1750239e-01   5.4713373e-01   3.8528015e-02
   1.2020322e-01   5.9314035e-01   3.5740616e-02
   1.2282100e-01   5.2083817e-01   3.7011232e-02
   1.2554282e-01   5.3479087e-01   3.7683503e-02
   1.2810408e-01   5.7981099e-01   3.5762850e-02
   1.3102353e-01   4.6585598e-01   3.3918508e-02
   1.3370214e-01   5.4592664e-01   3.5130928e-02
   1.3663349e-01   5.3583847e-01   3.2830344e-02
   1.3946530e-01   5.4288916e-01   3.2832617e-02
   1.4251987e-01   5.0874610e-01   2.9978711e-02
   1.4553400e-01   5.4153528e-01   3.2199974e-02
   1.4856066e-01   4.9021568e-01   2.8671146e-02
   1.5183509e-01   5.2228885e-01   2.9775150e-02
   1.5484856e-01   4.9674063e-01   2.8291517e-02
   1.5828075e-01   5.0393951e-01   2.7917538e-02
   1.6140872e-01   5.2095046e-01   2.8766987e-02
   1.6482463e-01   5.2705260e-01   2.5423663e-02
   1.6831944e-01   4.4904171e-01   2.6833844e-02
   1.7164852e-01   4.8478916e-01   2.5491375e-02
   1.7532467e-01   5.3097092e-01   2.5252278e-02
   1.7876744e-01   4.4244703e-01   2.6147509e-02
   1.8241077e-01   5.0448838e-01   2.2115956e-02
   1.8639341e-01   4.7391920e-01   2.2324089e-02
   1.9008794e-01   4.5800962e-01   2.4775493e-02
   1.9382503e-01   5.0545144e-01   2.2181222e-02
   1.9793047e-01   4.5921900e-01   2.0763535e-02
   2.0196078e-01   4.7519233e-01   2.2309443e-02
   2.0589023e-01   4.9396362e-01   2.1599379e-02
   2.1010643e-01   4.3834948e-01   1.9254954e-02
   2.1447847e-01   4.4825268e-01   1.9306121e-02
   2.1877480e-01   4.7310272e-01   2.0487713e-02
   2.2302420e-01   4.3715243e-01   1.9767215e-02
   2.2751415e-01   4.7556899e-01   1.8276582e-02
   2.3214025e-01   4.5712549e-01   1.7947534e-02
   2.3680051e-01   4.4453958e-01   1.7706542e-02
   2.4155418e-01   4.5375103e-01   1.7701430e-02
   2.4631334e-01   4.6663075e-01   1.8010725e-02
   2.5109113e-01   4.2828757e-01   1.7265842e-02
   2.5611512e-01   4.6359020e-01   1.6090001e-02
   2.6127861e-01   4.5112071e-01   1.5656400e-02
   2.6654021e-01   4.5191267e-01   1.5429894e-02
   2.7185319e-01   4.2532580e-01   1.5553612e-02
   2.7719600e-01   4.4366155e-01   1.5304708e-02
   2.8267257e-01   4.5818528e-01   1.4816589e-02
   2.8829269e-01   4.4454587e-01   1.4523420e-02
   2.9397450e-01   4.4113718e-01   1.4451147e-02
   2.9975375e-01   4.5611196e-01   1.4051721e-02
   3.0567867e-01   4.2797082e-01   1.3937208e-02
   3.1163605e-01   4.3705617e-01   1.3970466e-02
   3.1774468e-01   4.4002699e-01   1.3610752e-02
   3.2400374e-01   4.4697264e-01   1.3587982e-02
   3.3031886e-01   4.2599865e-01   1.3479987e-02
   3.3679567e-01   4.4270449e-01   1.3053480e-02
   3.4347727e-01   4.4225187e-01   1.2957339e-02
   3.5025256e-01   4.1089327e-01   1.3158137e-02
   3.5711088e-01   4.6293244e-01   1.3458797e-02
   3.6402107e-01   4.2269511e-01   1.3472400e-02
   3.7111563e-01   4.2749045e-01   1.2968219e-02
   3.7844949e-01   4.4258394e-01   1.2859785e-02
   3.8585516e-01   4.3216929e-01   1.3077690e-02
   3.9336977e-01   4.1757528e-01   1.2941172e-02
   4.0105392e-01   4.4124258e-01   1.2813106e-02
   4.0888170e-01   4.1856034e-01   1.2839375e-02
   4.1685032e-01   4.3280692e-01   1.2754509e-02
   4.2495624e-01   4.5195038e-01   1.2632862e-02
   4.3328380e-01   4.1763747e-01   1.2571248e-02
   4.4165071e-01   4.1832104e-01   1.2474786e-02
   4.5031574e-01   4.5286297e-01   1.2378647e-02
   4.5900486e-01   4.1777617e-01   1.2392133e-02
   4.6796546e-01   4.3074754e-01   1.2011551e-02
   4.7711386e-01   4.2074393e-01   1.2231020e-02
   4.8626432e-01   4.4323622e-01   1.2079662e-02
   4.9580203e-01   4.2263009e-01   1.1690689e-02
   5.0549565e-01   4.2679655e-01   1.1865399e-02
   5.1522328e-01   4.1748015e-01   1.2082003e-02
   5.2508621e-01   4.4692865e-01   1.1860632e-02
   5.3530281e-01   4.2236394e-01   1.1442575e-02
   5.4573432e-01   4.1576668e-01   1.1381107e-02
   5.5633493e-01   4.3234270e-01   1.1291841e-02
   5.6715525e-01   4.1490921e-01   1.1918574e-02
   5.7784791e-01   4.4290067e-01   1.3564173e-02
   5.8906605e-01   4.4308542e-01   1.5150241e-02
   6.0047680e-01   3.8445349e-01   1.7563262e-02
   6.1204215e-01   4.3366195e-01   2.1459900e-02
   6.2369515e-01   4.4657269e-01   2.9711068e-02
   6.3518401e-01   4.7377949e-01   5.9881117e-02
   6.4574395e-01   4.0959263e-01   1.4708660e-02
