   2.7217200e-03   3.9696854e+02   3.5893812e+00
   3.1947400e-03   2.9736766e+02   1.2691539e+01
   3.6696500e-03   7.3067517e+02   1.3957383e+01
   4.1432700e-03   1.6517020e+03   4.3350671e+00
   4.5822600e-03   2.2405087e+03   5.2088372e+00
   4.9827300e-03   2.3691653e+03   5.1888339e+00
   5.4291200e-03   1.9674661e+03   4.0674919e+00
   5.8870600e-03   1.2034758e+03   3.4051981e+00
   6.3032300e-03   4.9796439e+02   2.4179259e+00
   6.7149800e-03   6.6065588e+01   1.6156093e+00
   7.1309000e-03  -8.4036577e+01   1.1221772e+00
   7.5570400e-03  -7.5342977e+01   7.2594613e-01
   8.0015700e-03  -3.7562053e+01   4.7108997e-01
   8.4631300e-03  -6.8342892e+00   3.4686769e-01
   8.9171100e-03   1.3708102e+01   3.2029132e-01
   9.3607800e-03   2.9100729e+01   3.2315347e-01
   9.7989800e-03   3.7486365e+01   3.3405507e-01
   1.0230600e-02   3.9105551e+01   3.2583543e-01
   1.0656500e-02   3.5248678e+01   3.1073665e-01
   1.1091960e-02   2.8021644e+01   2.7495243e-01
   1.1570290e-02   1.9441054e+01   2.2594673e-01
   1.2039530e-02   1.2406624e+01   2.0546177e-01
   1.2475540e-02   7.1989274e+00   1.6708591e-01
   1.2925000e-02   4.6874920e+00   1.3970875e-01
   1.3379170e-02   3.6529073e+00   1.2308942e-01
   1.3885090e-02   3.9996211e+00   1.0334606e-01
   1.4431810e-02   5.4897886e+00   1.0504308e-01
   1.4979470e-02   6.8170792e+00   1.0515466e-01
   1.5499650e-02   7.9291857e+00   1.1410907e-01
   1.5981840e-02   8.0319534e+00   1.1339648e-01
   1.6466130e-02   7.4074493e+00   1.0767109e-01
   1.6959760e-02   6.4850527e+00   1.0072774e-01
   1.7466020e-02   5.1156206e+00   9.0273488e-02
   1.8018950e-02   3.7555822e+00   7.4448091e-02
   1.8580540e-02   2.6533082e+00   6.7399443e-02
   1.9107700e-02   1.9625344e+00   5.9862760e-02
   1.9650390e-02   1.5278375e+00   5.1531850e-02
   2.0237060e-02   1.5822256e+00   4.7992900e-02
   2.0827130e-02   1.5508552e+00   4.6051983e-02
   2.1390100e-02   1.7250230e+00   4.5839830e-02
   2.1968180e-02   1.8011526e+00   4.3748994e-02
   2.2556530e-02   1.7064332e+00   4.3162454e-02
   2.3132000e-02   1.6362779e+00   4.2089217e-02
   2.3715830e-02   1.3059997e+00   3.8258982e-02
   2.4310450e-02   1.2262249e+00   3.6790206e-02
   2.4913840e-02   1.1313759e+00   3.4794395e-02
   2.5555250e-02   1.1114492e+00   3.2170143e-02
   2.6204000e-02   1.1599276e+00   3.2571203e-02
   2.6854130e-02   1.2340792e+00   3.1031441e-02
   2.7516240e-02   1.2129082e+00   3.0489762e-02
   2.8175240e-02   1.1496911e+00   2.9067877e-02
   2.8868320e-02   9.5556182e-01   2.6935295e-02
   2.9607990e-02   8.4797461e-01   2.6657151e-02
   3.0334410e-02   7.7983733e-01   2.7335270e-02
   3.1047270e-02   7.5137967e-01   2.8279218e-02
   3.1763680e-02   7.0962604e-01   3.0144036e-02
   3.2494230e-02   6.7711771e-01   3.0703917e-02
   3.3251100e-02   6.4717692e-01   3.2279142e-02
   3.4009260e-02   6.7249153e-01   3.4350227e-02
   3.4772870e-02   6.5984656e-01   3.6116444e-02
   3.5562360e-02   7.2206650e-01   3.7963934e-02
   3.6367870e-02   6.2925426e-01   4.0968802e-02
   3.7173640e-02   7.0410497e-01   4.4715140e-02
   3.8002500e-02   5.6815024e-01   4.6654715e-02
   3.8841600e-02   7.5222292e-01   6.1535582e-02
   3.9687370e-02   5.2683842e-01   1.0191806e-01
   4.0543830e-02   5.4756425e-01   6.9163829e-02
   4.1341710e-02   6.1837780e-01   1.1628561e-01
   4.2099430e-02   1.0270733e+00   3.1821725e-01
   4.3572810e-02   5.9274136e-01   4.2735431e-02
   4.5044000e-02   5.3209273e-01   3.6053392e-02
   4.6446730e-02   4.3687174e-01   7.0882220e-02
   4.8135700e-02   5.6365846e-01   2.3587319e-02
   4.9955020e-02   5.5412090e-01   1.8866478e-02
   5.1233480e-02   5.4663195e-01   1.7778318e-02
   5.2879860e-02   5.3885412e-01   2.1358161e-02
   5.4432690e-02   5.4108577e-01   2.1530642e-02
   5.5918540e-02   5.5998371e-01   1.4321460e-02
   5.7600770e-02   5.2736603e-01   1.8546272e-02
   5.9168300e-02   5.2018930e-01   1.8406598e-02
   6.0994170e-02   5.3855394e-01   1.2725413e-02
   6.2786910e-02   5.4009147e-01   1.5431283e-02
   6.4587260e-02   5.1722651e-01   1.5771416e-02
   6.6351400e-02   5.2316044e-01   1.2325469e-02
   6.8111210e-02   5.4137255e-01   1.4167025e-02
   6.9991610e-02   5.5010692e-01   1.5169742e-02
   7.1713760e-02   5.5612401e-01   1.2005202e-02
   7.3474520e-02   5.5981162e-01   1.3441143e-02
   7.5415250e-02   5.6024723e-01   1.3691365e-02
   7.7313940e-02   5.5219403e-01   1.0554556e-02
   7.9345300e-02   5.4222805e-01   1.2821949e-02
   8.1486400e-02   5.3126235e-01   1.0947977e-02
   8.3324560e-02   5.5570646e-01   1.0880353e-02
   8.5412800e-02   5.6006338e-01   1.1841584e-02
   8.7591420e-02   5.4339740e-01   9.8904139e-03
   8.9558830e-02   5.4751351e-01   1.1015085e-02
   9.1804350e-02   5.5149586e-01   1.0335932e-02
   9.3880370e-02   5.7209765e-01   9.5481564e-03
   9.6176660e-02   5.5333092e-01   1.0495621e-02
   9.8450500e-02   5.6004200e-01   9.1505927e-03
   1.0051043e-01   5.4881616e-01   1.0128157e-02
   1.0294981e-01   5.5663716e-01   8.9312034e-03
   1.0512391e-01   5.4976573e-01   9.1457604e-03
   1.0755278e-01   5.3435080e-01   8.9881440e-03
   1.0990883e-01   5.4708521e-01   8.1772362e-03
   1.1244154e-01   5.4402698e-01   8.5430091e-03
   1.1499993e-01   5.3788006e-01   7.7389265e-03
   1.1750239e-01   5.5635466e-01   8.2740734e-03
   1.2020322e-01   5.3584756e-01   7.3598564e-03
   1.2282100e-01   5.2830635e-01   7.6796687e-03
   1.2554282e-01   5.2073502e-01   7.3470980e-03
   1.2810408e-01   5.2091803e-01   7.2671763e-03
   1.3102353e-01   5.2003559e-01   6.8840017e-03
   1.3370214e-01   5.3495380e-01   7.1907167e-03
   1.3663349e-01   5.1841706e-01   6.4772019e-03
   1.3946530e-01   5.1339234e-01   6.8078049e-03
   1.4251987e-01   5.1038111e-01   6.0489616e-03
   1.4553400e-01   4.9134478e-01   6.5398210e-03
   1.4856066e-01   5.0204173e-01   5.7827721e-03
   1.5183509e-01   4.8660815e-01   6.0515357e-03
   1.5484856e-01   4.8592929e-01   5.6512328e-03
   1.5828075e-01   4.8704305e-01   5.5767898e-03
   1.6140872e-01   4.9307227e-01   5.6874651e-03
   1.6482463e-01   4.7707267e-01   5.1534020e-03
   1.6831944e-01   4.7111595e-01   5.3874011e-03
   1.7164852e-01   4.6009532e-01   5.0074840e-03
   1.7532467e-01   4.7024853e-01   4.9504575e-03
   1.7876744e-01   4.6780254e-01   5.0795934e-03
   1.8241077e-01   4.5531128e-01   4.5496695e-03
   1.8639341e-01   4.3801880e-01   4.5303399e-03
   1.9008794e-01   4.5247351e-01   4.6668307e-03
   1.9382503e-01   4.4481339e-01   4.3270262e-03
   1.9793047e-01   4.4203487e-01   4.2704497e-03
   2.0196078e-01   4.3188901e-01   4.2096754e-03
   2.0589023e-01   4.3608552e-01   4.1294193e-03
   2.1010643e-01   4.5076726e-01   3.9888091e-03
   2.1447847e-01   4.2722388e-01   3.8953635e-03
   2.1877480e-01   4.1841377e-01   3.8471123e-03
   2.2302420e-01   4.1665168e-01   3.7594005e-03
   2.2751415e-01   4.2600176e-01   3.6218305e-03
   2.3214025e-01   4.2600998e-01   3.6017923e-03
   2.3680051e-01   4.2444253e-01   3.4973279e-03
   2.4155418e-01   4.1483020e-01   3.4104088e-03
   2.4631334e-01   4.1511983e-01   3.3916957e-03
   2.5109113e-01   4.0461552e-01   3.2787566e-03
   2.5611512e-01   4.0996507e-01   3.1628822e-03
   2.6127861e-01   4.1052762e-01   3.1294719e-03
   2.6654021e-01   4.0867139e-01   3.0246927e-03
   2.7185319e-01   4.0397634e-01   3.0017229e-03
   2.7719600e-01   4.0554586e-01   2.9356005e-03
   2.8267257e-01   3.9762223e-01   2.8571286e-03
   2.8829269e-01   4.0365884e-01   2.8073001e-03
   2.9397450e-01   3.9815620e-01   2.7765774e-03
   2.9975375e-01   3.9602241e-01   2.6863193e-03
   3.0567867e-01   3.9804384e-01   2.6659460e-03
   3.1163605e-01   3.9724235e-01   2.6746990e-03
   3.1774468e-01   3.9263777e-01   2.5990523e-03
   3.2400374e-01   3.9593563e-01   2.5981585e-03
   3.3031886e-01   3.9680097e-01   2.5766245e-03
   3.3679567e-01   3.9375318e-01   2.5238834e-03
   3.4347727e-01   3.8717695e-01   2.5233466e-03
   3.5025256e-01   3.8768910e-01   2.5364719e-03
   3.5711088e-01   3.9104456e-01   2.5344871e-03
   3.6402107e-01   3.9106984e-01   2.5562878e-03
   3.7111563e-01   3.8935299e-01   2.4936718e-03
   3.7844949e-01   3.9054966e-01   2.4896861e-03
   3.8585516e-01   3.8987237e-01   2.5153478e-03
   3.9336977e-01   3.8459406e-01   2.4618136e-03
   4.0105392e-01   3.8696497e-01   2.4480801e-03
   4.0888170e-01   3.8821865e-01   2.4668120e-03
   4.1685032e-01   3.8102106e-01   2.4087599e-03
   4.2495624e-01   3.8519285e-01   2.4150782e-03
   4.3328380e-01   3.8133092e-01   2.3836081e-03
   4.4165071e-01   3.8641994e-01   2.3883343e-03
   4.5031574e-01   3.8225188e-01   2.3418851e-03
   4.5900486e-01   3.7958769e-01   2.3574045e-03
   4.6796546e-01   3.8376507e-01   2.2957960e-03
   4.7711386e-01   3.8405338e-01   2.3232724e-03
   4.8626432e-01   3.7842191e-01   2.2811215e-03
   4.9580203e-01   3.7961991e-01   2.2557956e-03
   5.0549565e-01   3.8315626e-01   2.2616520e-03
   5.1522328e-01   3.8393735e-01   2.2526382e-03
   5.2508621e-01   3.8441695e-01   2.2345252e-03
   5.3530281e-01   3.8110914e-01   2.1903704e-03
   5.4573432e-01   3.7822831e-01   2.2111478e-03
   5.5633493e-01   3.8037192e-01   2.2003623e-03
   5.6715525e-01   3.7831868e-01   2.2217238e-03
   5.7784791e-01   3.8281676e-01   2.5840248e-03
   5.8906605e-01   3.7736562e-01   2.9719626e-03
   6.0047680e-01   3.8426671e-01   2.8009200e-03
   6.1204215e-01   3.7781491e-01   2.0035981e-02
   6.2369515e-01   3.8756893e-01   2.7660512e-02
   6.3518401e-01   4.6034894e-01   5.5354983e-02
   6.4574395e-01   3.5478770e-01   1.3500380e-02
