   1.6783700e-03   1.7823868e+03   1.6962276e+01
   1.8929300e-03   1.8290930e+03   7.1210573e+01
   2.1146600e-03   1.9564024e+03   6.0586169e+01
   2.3251900e-03   2.0975588e+03   6.4216356e+01
   2.5238900e-03   2.2347798e+03   6.6888367e+01
   2.7264400e-03   2.1755444e+03   6.2898485e+01
   2.9309200e-03   2.3495131e+03   5.3035878e+01
   3.1618300e-03   2.2879530e+03   3.8921035e+01
   3.4163900e-03   2.2073793e+03   3.5501913e+01
   3.6535800e-03   2.0150915e+03   3.5672209e+01
   3.8938200e-03   1.8177970e+03   2.9116356e+01
   4.1541600e-03   1.4815199e+03   2.3483040e+01
   4.4146500e-03   1.2137287e+03   2.2593795e+01
   4.6525800e-03   9.3392866e+02   2.3369841e+01
   4.8790800e-03   8.1143526e+02   2.0949011e+01
   5.1146400e-03   5.6404999e+02   1.6210178e+01
   5.3623500e-03   4.8259846e+02   1.3296764e+01
   5.6063500e-03   3.4137365e+02   1.2084036e+01
   5.8447000e-03   2.7262466e+02   1.0240854e+01
   6.0916900e-03   1.9110843e+02   8.5600195e+00
   6.3326200e-03   1.3104535e+02   7.8143687e+00
   6.5664000e-03   9.6307045e+01   6.3012297e+00
   6.8224300e-03   7.8275196e+01   4.4906081e+00
   7.0875800e-03   3.4310392e+01   3.6493216e+00
   7.3447100e-03   2.6769766e+01   3.1110326e+00
   7.6014700e-03   1.1964630e+01   2.4769348e+00
   7.8695100e-03   1.1943627e+01   1.8782101e+00
   8.1507000e-03   6.7672276e+00   1.6601962e+00
   8.4220500e-03   1.1901267e+01   1.7777327e+00
   8.6829800e-03   1.3534299e+01   1.8857977e+00
   8.9481700e-03   1.6202783e+01   1.9129007e+00
   9.2155900e-03   1.8127187e+01   1.8723743e+00
   9.5018300e-03   2.4822021e+01   1.7302662e+00
   9.7941800e-03   2.1951883e+01   1.8914480e+00
   1.0069740e-02   2.2957504e+01   1.9631216e+00
   1.0353630e-02   2.1720480e+01   1.7681148e+00
   1.0652880e-02   2.0309679e+01   1.6218515e+00
   1.0948780e-02   1.6570172e+01   1.5762276e+00
   1.1247970e-02   1.6569907e+01   1.3788393e+00
   1.1562830e-02   1.0783753e+01   1.1536181e+00
   1.1888950e-02   9.8974501e+00   1.0177543e+00
   1.2210650e-02   5.9778992e+00   9.5351134e-01
   1.2527240e-02   4.1414112e+00   8.1654516e-01
   1.2864320e-02   2.6858458e+00   6.8134772e-01
   1.3199830e-02   2.6625509e+00   6.8585459e-01
   1.3521170e-02   3.3353803e+00   6.7251309e-01
   1.3863540e-02   2.9504684e+00   6.0497549e-01
   1.4215570e-02   3.4408167e+00   6.4125247e-01
   1.4554410e-02   3.6478766e+00   6.8963451e-01
   1.4904520e-02   5.3068126e+00   6.8363406e-01
   1.5267470e-02   5.1136266e+00   6.9053727e-01
   1.5629920e-02   4.8035023e+00   7.0748789e-01
   1.5998810e-02   5.9660157e+00   7.4094718e-01
   1.6372960e-02   3.8675718e+00   7.8017266e-01
   1.6751470e-02   4.4491082e+00   7.9335296e-01
   1.7138840e-02   3.7714628e+00   7.8296625e-01
   1.7533750e-02   2.1474228e+00   7.5411246e-01
   1.7939780e-02   3.0636084e+00   7.3581677e-01
   1.8350390e-02   7.6362042e-01   7.1598065e-01
   1.8765720e-02   2.2038665e+00   7.7122707e-01
   1.9188210e-02   1.0062689e+00   7.9398140e-01
   1.9619630e-02   9.4095180e-01   8.3689310e-01
   2.0054290e-02   2.5142855e+00   9.6621943e-01
   2.0496790e-02   5.7470071e-02   1.0991527e+00
   2.0937060e-02   3.0112505e+00   1.4702466e+00
   2.1384150e-02   1.1594045e+00   1.9292893e+00
   2.1833090e-02  -2.0008413e+00   3.3844430e+00
   2.2254910e-02   4.8969605e+00   3.9046405e+00
   2.2919340e-02   5.0813367e-01   2.4599423e+00
   2.3525890e-02   9.3271064e-01   5.2375456e-01
   2.4258310e-02   1.0914718e+00   3.1054445e-01
   2.5140230e-02   8.4834331e-01   2.4189209e-01
   2.6090430e-02   1.1868483e+00   2.7364462e-01
   2.6758010e-02   7.9592644e-01   3.1282779e-01
   2.7575200e-02   1.1406639e+00   3.7969566e-01
   2.8236650e-02   6.5129412e-01   3.7390046e-01
   2.9050630e-02   9.3198687e-01   2.2998255e-01
   2.9884550e-02   9.7037659e-01   1.9882912e-01
   3.0870610e-02   6.6868881e-01   1.5407948e-01
   3.1883360e-02   5.8707551e-01   1.4550194e-01
   3.2795690e-02   8.3534168e-01   1.9433155e-01
   3.3651520e-02   6.5146596e-01   2.1001397e-01
   3.4574120e-02   8.5390896e-01   1.6963881e-01
   3.5472640e-02   5.2240118e-01   1.7714912e-01
   3.6419380e-02   8.5019727e-01   1.6368158e-01
   3.7397290e-02   5.1485198e-01   1.7115442e-01
   3.8227670e-02   9.8873556e-01   1.8521978e-01
   3.9200040e-02   3.0504455e-01   1.4373887e-01
   4.0267640e-02   1.0183722e+00   1.1424364e-01
   4.1367190e-02   3.5734089e-01   1.1141291e-01
   4.2525330e-02   8.3289236e-01   1.4356365e-01
   4.3404720e-02   7.2954701e-01   1.6177022e-01
   4.4433780e-02   5.7901101e-01   1.2692808e-01
   4.5569820e-02   5.0396981e-01   1.1844168e-01
   4.6620950e-02   7.5160498e-01   1.1274035e-01
   4.7822890e-02   5.7453604e-01   1.1358120e-01
   4.8940830e-02   6.5030816e-01   1.0446944e-01
   5.0166990e-02   7.1811964e-01   1.1178872e-01
   5.1323550e-02   4.2570229e-01   1.1838277e-01
   5.2417940e-02   8.2551337e-01   1.1126717e-01
   5.3700040e-02   5.1854288e-01   1.1209800e-01
   5.4788280e-02   6.7333260e-01   1.1858916e-01
   5.6003720e-02   5.9193769e-01   1.1647080e-01
   5.7191730e-02   6.4888970e-01   1.0203870e-01
   5.8516320e-02   6.6990288e-01   8.4219756e-02
   5.9960020e-02   5.4744694e-01   8.7576768e-02
   6.1225430e-02   6.8906066e-01   9.5446935e-02
   6.2667220e-02   6.5571434e-01   8.1295346e-02
   6.4068150e-02   6.9589867e-01   8.4755446e-02
   6.5518660e-02   4.5213478e-01   8.9424774e-02
   6.6834460e-02   7.0390642e-01   9.1672907e-02
   6.8308110e-02   6.1031835e-01   8.5832929e-02
   6.9729570e-02   6.9700638e-01   8.1794310e-02
   7.1282630e-02   5.3514505e-01   7.9549055e-02
   7.2759060e-02   6.7830710e-01   7.7839605e-02
   7.4383050e-02   6.8173247e-01   7.4468587e-02
   7.5924760e-02   6.0115118e-01   8.3461513e-02
   7.7456720e-02   5.4297058e-01   7.3353598e-02
   7.9152480e-02   5.7044330e-01   7.0045885e-02
   8.0786800e-02   7.1436788e-01   6.8732399e-02
   8.2544470e-02   6.5150741e-01   7.3457229e-02
   8.4155650e-02   5.5733414e-01   7.0762809e-02
   8.5972800e-02   6.0672184e-01   6.6195390e-02
   8.7706250e-02   6.7837587e-01   7.3628258e-02
   8.9450440e-02   5.9820735e-01   6.2433689e-02
   9.1415810e-02   6.3967056e-01   6.1416178e-02
   9.3241010e-02   5.7895502e-01   6.5331837e-02
   9.5137960e-02   7.2527697e-01   5.8354107e-02
   9.7191700e-02   6.2041213e-01   5.9777605e-02
   9.9072180e-02   5.1243699e-01   6.3555872e-02
   1.0107387e-01   7.2653462e-01   5.5065238e-02
   1.0321866e-01   5.2742122e-01   5.5495908e-02
   1.0526029e-01   7.2423825e-01   5.8142917e-02
   1.0736591e-01   5.3484433e-01   5.2654923e-02
   1.0960245e-01   6.6122712e-01   5.1163651e-02
   1.1181770e-01   6.4321419e-01   5.3591188e-02
   1.1402125e-01   5.4332811e-01   5.3658504e-02
   1.1627293e-01   6.9753730e-01   5.0459373e-02
   1.1864766e-01   6.3178727e-01   4.6772075e-02
   1.2108784e-01   5.9003005e-01   4.6018220e-02
   1.2352229e-01   6.3071871e-01   4.7508733e-02
   1.2594785e-01   5.5275793e-01   4.8461034e-02
   1.2837363e-01   6.5590047e-01   4.7689572e-02
   1.3090891e-01   6.0199003e-01   4.3567651e-02
   1.3355842e-01   6.2132886e-01   4.1876345e-02
   1.3625455e-01   6.6479620e-01   4.0708460e-02
   1.3901428e-01   5.5192562e-01   4.1284798e-02
   1.4173130e-01   6.6783865e-01   4.2136210e-02
   1.4451538e-01   5.5467074e-01   3.9471084e-02
   1.4740589e-01   6.0805073e-01   3.8059722e-02
   1.5034654e-01   6.4902557e-01   3.7890944e-02
   1.5331398e-01   5.7155937e-01   3.7776962e-02
   1.5632392e-01   6.3720466e-01   3.7235381e-02
   1.5938311e-01   5.6667096e-01   3.6778962e-02
   1.6250607e-01   6.1094084e-01   3.5772326e-02
   1.6571816e-01   5.8243792e-01   3.5969270e-02
   1.6892924e-01   5.9549574e-01   3.5865863e-02
   1.7225442e-01   6.1128486e-01   3.5031358e-02
   1.7562111e-01   6.2584091e-01   3.5208786e-02
   1.7906112e-01   5.7484416e-01   3.4281754e-02
   1.8260599e-01   6.1356720e-01   3.4368801e-02
   1.8618836e-01   6.0853779e-01   3.5185572e-02
   1.8979805e-01   6.0927884e-01   3.5126064e-02
   1.9351739e-01   5.8005131e-01   3.3768456e-02
   1.9734449e-01   5.8653729e-01   3.3366190e-02
   2.0122145e-01   6.0205501e-01   3.4481365e-02
   2.0509745e-01   5.6324010e-01   3.4574001e-02
   2.0909340e-01   6.0648495e-01   3.3514770e-02
   2.1318848e-01   6.0472955e-01   3.3559057e-02
   2.1735228e-01   5.8674854e-01   3.3417777e-02
   2.2156870e-01   5.6988878e-01   3.3179947e-02
   2.2589656e-01   6.0952577e-01   3.2930275e-02
   2.3028897e-01   6.0148137e-01   3.2335940e-02
   2.3481682e-01   5.9752826e-01   3.2558230e-02
   2.3931782e-01   5.4934431e-01   3.2609781e-02
   2.4399259e-01   6.0004412e-01   3.1984540e-02
   2.4869816e-01   6.2148500e-01   3.2163720e-02
   2.5353284e-01   5.2632446e-01   3.0715436e-02
   2.5853466e-01   6.6089726e-01   3.0903879e-02
   2.6354365e-01   5.2913544e-01   3.1338037e-02
   2.6860831e-01   6.2054778e-01   3.1249741e-02
   2.7380787e-01   5.3305238e-01   3.0253187e-02
   2.7916736e-01   6.6298376e-01   3.0072385e-02
   2.8458158e-01   5.2535485e-01   3.0132995e-02
   2.9009959e-01   6.4039614e-01   2.9805472e-02
   2.9574946e-01   5.8474736e-01   3.1519510e-02
   3.0128049e-01   6.1546857e-01   3.5488006e-02
   3.0712435e-01   5.7107691e-01   3.9305361e-02
   3.1306903e-01   5.7461000e-01   4.5381061e-02
   3.1912319e-01   6.3409030e-01   5.4635075e-02
   3.2524168e-01   5.1142052e-01   7.3273404e-02
   3.3131426e-01   5.3700096e-01   1.4256261e-01
   3.3699068e-01   6.0563956e-01   3.6475990e-02
