   1.6769100e-03   8.7343049e+02   1.1051745e+01
   1.8912900e-03   9.9307475e+02   4.7411203e+01
   2.1128300e-03   1.0327783e+03   4.1372053e+01
   2.3231700e-03   1.1203889e+03   8.7999228e+00
   2.5216900e-03   1.2920531e+03   9.0186693e+00
   2.7240700e-03   1.4988740e+03   8.9679902e+00
   2.9283700e-03   1.7671415e+03   9.4181486e+00
   3.1590900e-03   2.1176222e+03   8.8649245e+00
   3.4134200e-03   2.5136934e+03   9.1696029e+00
   3.6504000e-03   2.7945747e+03   9.8085110e+00
   3.8904400e-03   2.8884315e+03   9.0100497e+00
   4.1505400e-03   2.7250577e+03   8.3936287e+00
   4.4108100e-03   2.3106361e+03   7.5895002e+00
   4.6485300e-03   1.8219544e+03   6.9488190e+00
   4.8748400e-03   1.3462737e+03   5.8111547e+00
   5.1101900e-03   9.6580581e+02   4.8219624e+00
   5.3576900e-03   6.7031477e+02   3.8838077e+00
   5.6014800e-03   4.7554276e+02   3.2944499e+00
   5.8396200e-03   3.4752377e+02   2.6800776e+00
   6.0863900e-03   2.4447746e+02   2.1692555e+00
   6.3271200e-03   1.7759928e+02   1.8592038e+00
   6.5606900e-03   1.3322838e+02   1.5506649e+00
   6.8165000e-03   9.2667791e+01   1.1890779e+00
   7.0814100e-03   6.3209422e+01   1.0081558e+00
   7.3383200e-03   3.9897397e+01   8.0317450e-01
   7.5948600e-03   2.7622954e+01   6.7103377e-01
   7.8626600e-03   1.6590307e+01   5.3337176e-01
   8.1436200e-03   1.4462652e+01   4.7202230e-01
   8.4147300e-03   1.3350143e+01   4.4059226e-01
   8.6754300e-03   1.8212609e+01   4.4101808e-01
   8.9403900e-03   2.2986273e+01   4.4256475e-01
   9.2075700e-03   2.6774712e+01   4.6121107e-01
   9.4935600e-03   2.9322457e+01   4.3159351e-01
   9.7856600e-03   2.9600764e+01   4.4907893e-01
   1.0060980e-02   3.0215767e+01   4.4345159e-01
   1.0344630e-02   2.8694395e+01   4.1832358e-01
   1.0643620e-02   2.6007054e+01   3.8651097e-01
   1.0939260e-02   2.3223073e+01   3.7420796e-01
   1.1238180e-02   2.0105338e+01   3.3127630e-01
   1.1552780e-02   1.6287593e+01   2.9797387e-01
   1.1878620e-02   1.2794933e+01   2.6019062e-01
   1.2200030e-02   9.5131615e+00   2.3743713e-01
   1.2516340e-02   6.7671447e+00   2.0666372e-01
   1.2853140e-02   4.5934236e+00   1.7301776e-01
   1.3188350e-02   3.6159042e+00   1.6308445e-01
   1.3509410e-02   3.6323237e+00   1.5716986e-01
   1.3851490e-02   3.3827602e+00   1.4128367e-01
   1.4203210e-02   4.6830628e+00   1.5192175e-01
   1.4541760e-02   5.4234150e+00   1.5738304e-01
   1.4891560e-02   6.3593804e+00   1.6135372e-01
   1.5254200e-02   6.7574655e+00   1.6412230e-01
   1.5616330e-02   6.8879168e+00   1.6817549e-01
   1.5984900e-02   6.6550299e+00   1.7271745e-01
   1.6358720e-02   6.1837930e+00   1.8504872e-01
   1.6736910e-02   5.8975553e+00   1.8838205e-01
   1.7123940e-02   4.6945947e+00   1.8447731e-01
   1.7518500e-02   4.2553137e+00   1.8578746e-01
   1.7924180e-02   2.9930285e+00   1.7631215e-01
   1.8334430e-02   2.4608311e+00   1.7113888e-01
   1.8749400e-02   1.7252137e+00   1.7708461e-01
   1.9171530e-02   1.3310201e+00   1.7927618e-01
   1.9602570e-02   1.6798798e+00   1.9217793e-01
   2.0036850e-02   1.8652852e+00   2.2724109e-01
   2.0478970e-02   2.0508311e+00   2.6712463e-01
   2.0918860e-02   1.7963357e+00   3.4441546e-01
   2.1365560e-02   1.4665908e+00   3.5891665e-01
   2.1814100e-02   1.6488703e+00   5.5022774e-01
   2.2235560e-02   1.3966016e+00   7.4461608e-01
   2.2899410e-02   1.3310447e+00   2.0781135e-01
   2.3505430e-02   1.3456930e+00   1.8577446e-01
   2.4237210e-02   1.1325613e+00   2.0543820e-01
   2.5118370e-02   1.3332745e+00   8.5571591e-02
   2.6067740e-02   1.1064981e+00   6.4287611e-02
   2.6734740e-02   1.3555638e+00   6.3036945e-02
   2.7551220e-02   1.0017748e+00   7.3496318e-02
   2.8212100e-02   1.1939118e+00   7.5793874e-02
   2.9025370e-02   9.9458547e-01   4.5971258e-02
   2.9858560e-02   9.3967680e-01   5.3971178e-02
   3.0843770e-02   8.3608608e-01   4.7963084e-02
   3.1855630e-02   8.2021232e-01   3.7204845e-02
   3.2767170e-02   6.9990200e-01   4.1285764e-02
   3.3622260e-02   7.7058421e-01   4.7923048e-02
   3.4544060e-02   7.4478730e-01   3.3370469e-02
   3.5441790e-02   7.7577767e-01   4.1498649e-02
   3.6387710e-02   7.4690389e-01   3.9097031e-02
   3.7364770e-02   6.6615951e-01   3.1329241e-02
   3.8194420e-02   7.8361465e-01   3.6717594e-02
   3.9165960e-02   7.5302523e-01   3.5964534e-02
   4.0232630e-02   7.2604409e-01   2.7470285e-02
   4.1331220e-02   6.6511507e-01   3.0938959e-02
   4.2488350e-02   7.1021064e-01   2.9710834e-02
   4.3366970e-02   6.8946364e-01   2.8838195e-02
   4.4395140e-02   6.3638492e-01   2.8809518e-02
   4.5530200e-02   6.2501729e-01   2.6479951e-02
   4.6580410e-02   7.3254318e-01   2.6029651e-02
   4.7781310e-02   6.9107728e-01   2.7857806e-02
   4.8898270e-02   6.8387828e-01   2.2827066e-02
   5.0123360e-02   7.3006416e-01   2.7581800e-02
   5.1278920e-02   6.4488648e-01   2.3623713e-02
   5.2372350e-02   7.1616684e-01   2.4710762e-02
   5.3653340e-02   6.6015059e-01   2.4342382e-02
   5.4740640e-02   6.9994339e-01   2.2822398e-02
   5.5955020e-02   6.5664385e-01   2.4367746e-02
   5.7142000e-02   6.7037857e-01   2.1445685e-02
   5.8465430e-02   6.9572298e-01   2.1106802e-02
   5.9907880e-02   6.6613633e-01   1.9509133e-02
   6.1172190e-02   6.8033593e-01   2.1570841e-02
   6.2612730e-02   6.3934777e-01   1.8023554e-02
   6.4012430e-02   7.1381548e-01   2.0060057e-02
   6.5461690e-02   7.1288885e-01   1.9172223e-02
   6.6776340e-02   6.6873728e-01   1.8957683e-02
   6.8248710e-02   6.3015622e-01   1.8204986e-02
   6.9668940e-02   6.3920318e-01   1.7615506e-02
   7.1220640e-02   6.7282003e-01   1.7525576e-02
   7.2695790e-02   6.9041313e-01   1.7413505e-02
   7.4318370e-02   6.5576744e-01   1.5971534e-02
   7.5858730e-02   6.7667362e-01   1.7623888e-02
   7.7389370e-02   6.7383890e-01   1.5713094e-02
   7.9083650e-02   6.9404565e-01   1.6044148e-02
   8.0716550e-02   6.6834104e-01   1.5017798e-02
   8.2472690e-02   6.6628168e-01   1.5624316e-02
   8.4082470e-02   6.4739888e-01   1.4974061e-02
   8.5898040e-02   6.5780110e-01   1.4039340e-02
   8.7629980e-02   6.7345494e-01   1.5444628e-02
   8.9372660e-02   6.5641466e-01   1.3334372e-02
   9.1336320e-02   6.6753990e-01   1.3684393e-02
   9.3159930e-02   6.8377036e-01   1.3845302e-02
   9.5055230e-02   6.9617905e-01   1.2936403e-02
   9.7107190e-02   6.7081588e-01   1.2826071e-02
   9.8986030e-02   6.7322640e-01   1.3276309e-02
   1.0098598e-01   6.4831958e-01   1.1922029e-02
   1.0312890e-01   6.8253093e-01   1.2317907e-02
   1.0516875e-01   6.7559449e-01   1.2101587e-02
   1.0727254e-01   6.7726057e-01   1.1532636e-02
   1.0950714e-01   6.5455738e-01   1.1306460e-02
   1.1172046e-01   6.4746356e-01   1.1203437e-02
   1.1392209e-01   6.6543850e-01   1.1062164e-02
   1.1617182e-01   6.5796258e-01   1.0689217e-02
   1.1854448e-01   6.4788801e-01   1.0333661e-02
   1.2098255e-01   6.5203504e-01   1.0178099e-02
   1.2341487e-01   6.7161587e-01   1.0193080e-02
   1.2583833e-01   6.5568410e-01   9.8546738e-03
   1.2826200e-01   6.5747079e-01   9.8882392e-03
   1.3079508e-01   6.5086613e-01   9.3035163e-03
   1.3344228e-01   6.6007192e-01   9.2660343e-03
   1.3613607e-01   6.4857646e-01   8.8872570e-03
   1.3889340e-01   6.4576734e-01   8.7876299e-03
   1.4160805e-01   6.3133147e-01   8.7212291e-03
   1.4438972e-01   6.3736353e-01   8.3783973e-03
   1.4727771e-01   6.3310828e-01   8.2663182e-03
   1.5021580e-01   6.4436750e-01   8.1005168e-03
   1.5318066e-01   6.3000948e-01   7.9763029e-03
   1.5618798e-01   6.4512237e-01   7.8076608e-03
   1.5924451e-01   6.2584042e-01   7.7534622e-03
   1.6236475e-01   6.2986745e-01   7.6000186e-03
   1.6557405e-01   6.2135387e-01   7.5702628e-03
   1.6878234e-01   6.2595666e-01   7.5119207e-03
   1.7210463e-01   6.4234357e-01   7.3655193e-03
   1.7546839e-01   6.2638575e-01   7.4018602e-03
   1.7890541e-01   6.1392676e-01   7.2233413e-03
   1.8244720e-01   6.1034430e-01   7.2573307e-03
   1.8602646e-01   6.1278613e-01   7.2776051e-03
   1.8963301e-01   6.1249700e-01   7.2787484e-03
   1.9334911e-01   6.1341189e-01   7.1672250e-03
   1.9717288e-01   6.2577328e-01   7.1417952e-03
   2.0104647e-01   6.1212852e-01   7.2015194e-03
   2.0491910e-01   5.9651101e-01   7.1188300e-03
   2.0891158e-01   5.9629843e-01   6.9502426e-03
   2.1300310e-01   6.1881072e-01   7.1104594e-03
   2.1716327e-01   6.0563594e-01   6.9358213e-03
   2.2137603e-01   6.0891841e-01   6.9335790e-03
   2.2570012e-01   5.8495263e-01   6.8201487e-03
   2.3008871e-01   6.1263240e-01   6.8127903e-03
   2.3461263e-01   6.0987410e-01   6.7742709e-03
   2.3910971e-01   5.9863371e-01   6.7592675e-03
   2.4378042e-01   5.9561605e-01   6.5828563e-03
   2.4848190e-01   5.8064348e-01   6.6406890e-03
   2.5331237e-01   5.9476941e-01   6.4490632e-03
   2.5830984e-01   6.0124117e-01   6.5135351e-03
   2.6331448e-01   6.0674478e-01   6.4518366e-03
   2.6837473e-01   5.9028999e-01   6.4056691e-03
   2.7356977e-01   5.8856390e-01   6.3007442e-03
   2.7892460e-01   5.9024670e-01   6.2435719e-03
   2.8433411e-01   6.0507936e-01   6.3441175e-03
   2.8984733e-01   6.0041534e-01   6.2878400e-03
   2.9549228e-01   5.8515064e-01   6.3268837e-03
   3.0101850e-01   5.8499162e-01   7.2502892e-03
   3.0685728e-01   5.8841818e-01   8.3841475e-03
   3.1279679e-01   6.1508667e-01   1.0128461e-02
   3.1884569e-01   5.9114807e-01   5.5796464e-02
   3.2495885e-01   5.8492586e-01   7.5132670e-02
   3.3102615e-01   6.4327355e-01   1.4329195e-01
   3.3669764e-01   5.7927265e-01   3.6081340e-02
