   1.6769100e-03   8.7343049e+02   1.1051745e+01
   1.8912900e-03   9.9307475e+02   4.7411203e+01
   2.1128300e-03   1.0236370e+03   1.3448338e+01
   2.3231700e-03   1.0984014e+03   1.3292212e+01
   2.5216900e-03   1.2903346e+03   1.4227808e+01
   2.7240700e-03   1.4949809e+03   1.3861588e+01
   2.9283700e-03   1.7429448e+03   1.3523544e+01
   3.1590900e-03   2.0990205e+03   1.2661111e+01
   3.4134200e-03   2.5085790e+03   1.2718719e+01
   3.6504000e-03   2.8188787e+03   1.3061432e+01
   3.8904400e-03   2.9288168e+03   1.2201107e+01
   4.1505400e-03   2.7504980e+03   1.1538909e+01
   4.4108100e-03   2.3237869e+03   1.0501093e+01
   4.6485300e-03   1.8065335e+03   9.8875720e+00
   4.8748400e-03   1.3137659e+03   8.5255124e+00
   5.1101900e-03   9.4619615e+02   7.1198234e+00
   5.3576900e-03   6.6212278e+02   5.6090919e+00
   5.6014800e-03   4.7131986e+02   4.6992189e+00
   5.8396200e-03   3.5367108e+02   3.8765315e+00
   6.0863900e-03   2.4495572e+02   3.2724573e+00
   6.3271200e-03   1.7552390e+02   2.7204794e+00
   6.5606900e-03   1.3729766e+02   2.2589239e+00
   6.8165000e-03   9.4979846e+01   1.7519462e+00
   7.0814100e-03   6.2478408e+01   1.4478538e+00
   7.3383200e-03   4.0842671e+01   1.1438213e+00
   7.5948600e-03   2.7730003e+01   9.7228430e-01
   7.8626600e-03   1.6988889e+01   7.6188395e-01
   8.1436200e-03   1.4334596e+01   6.8426590e-01
   8.4147300e-03   1.3295163e+01   6.3522143e-01
   8.6754300e-03   1.7980946e+01   6.6376394e-01
   8.9403900e-03   2.3910030e+01   6.5500849e-01
   9.2075700e-03   2.7308157e+01   6.6926486e-01
   9.4935600e-03   2.9428004e+01   6.3491609e-01
   9.7856600e-03   2.9368119e+01   6.5851614e-01
   1.0060980e-02   3.0495166e+01   6.4220132e-01
   1.0344630e-02   2.9133787e+01   6.2573684e-01
   1.0643620e-02   2.5571487e+01   5.7079302e-01
   1.0939260e-02   2.3265578e+01   5.4182018e-01
   1.1238180e-02   2.0331863e+01   4.7720991e-01
   1.1552780e-02   1.6138466e+01   4.3097701e-01
   1.1878620e-02   1.2701878e+01   3.7486724e-01
   1.2200030e-02   9.6598842e+00   3.3870476e-01
   1.2516340e-02   6.6918506e+00   2.9726763e-01
   1.2853140e-02   4.2239876e+00   2.5899698e-01
   1.3188350e-02   3.7189965e+00   2.3599567e-01
   1.3509410e-02   3.7317815e+00   2.2714915e-01
   1.3851490e-02   3.1524304e+00   2.1177207e-01
   1.4203210e-02   4.6382233e+00   2.2327612e-01
   1.4541760e-02   5.6798952e+00   2.2815588e-01
   1.4891560e-02   6.2918626e+00   2.3801128e-01
   1.5254200e-02   6.8561392e+00   2.3983450e-01
   1.5616330e-02   6.9875994e+00   2.4588757e-01
   1.5984900e-02   6.5160111e+00   2.5449897e-01
   1.6358720e-02   6.2615372e+00   2.6961525e-01
   1.6736910e-02   5.9344451e+00   2.7484392e-01
   1.7123940e-02   4.6983763e+00   2.6921337e-01
   1.7518500e-02   4.2209060e+00   2.6843974e-01
   1.7924180e-02   3.0121445e+00   2.5606658e-01
   1.8334430e-02   2.4483705e+00   2.4964142e-01
   1.8749400e-02   1.7266524e+00   2.5627405e-01
   1.9171530e-02   1.1307381e+00   2.6340029e-01
   1.9602570e-02   1.6659756e+00   2.7960161e-01
   2.0036850e-02   1.9854103e+00   3.2908494e-01
   2.0478970e-02   2.2109618e+00   3.7789667e-01
   2.0918860e-02   1.7279739e+00   5.0880980e-01
   2.1365560e-02   1.3111987e+00   6.8595926e-01
   2.1814100e-02   1.7537188e+00   7.4407042e-01
   2.2235560e-02   1.4121069e+00   1.0359247e+00
   2.2899410e-02   1.2215616e+00   5.2563842e-01
   2.3505430e-02   1.4016059e+00   4.6560393e-01
   2.4237210e-02   1.1415697e+00   1.2736704e-01
   2.5118370e-02   1.2542709e+00   1.0747641e-01
   2.6067740e-02   1.1932468e+00   8.9347673e-02
   2.6734740e-02   1.3509741e+00   1.0006768e-01
   2.7551220e-02   9.7063681e-01   1.1249464e-01
   2.8212100e-02   1.1680652e+00   1.1121961e-01
   2.9025370e-02   1.0861044e+00   7.3697638e-02
   2.9858560e-02   8.6026963e-01   7.3437941e-02
   3.0843770e-02   8.6513648e-01   6.0786012e-02
   3.1855630e-02   8.2699414e-01   5.3573134e-02
   3.2767170e-02   6.7771033e-01   5.6529816e-02
   3.3622260e-02   7.6214748e-01   6.7837079e-02
   3.4544060e-02   7.5473465e-01   5.0539527e-02
   3.5441790e-02   8.0192655e-01   5.8510057e-02
   3.6387710e-02   7.4676397e-01   5.6226567e-02
   3.7364770e-02   6.0951277e-01   4.9121274e-02
   3.8194420e-02   7.9839635e-01   5.2553274e-02
   3.9165960e-02   8.1334598e-01   5.0640278e-02
   4.0232630e-02   6.9515094e-01   3.7722240e-02
   4.1331220e-02   6.3388075e-01   4.3319555e-02
   4.2488350e-02   7.3293543e-01   4.2393835e-02
   4.3366970e-02   7.3853345e-01   4.1824296e-02
   4.4395140e-02   5.7330843e-01   4.3712006e-02
   4.5530200e-02   6.0401460e-01   3.7583896e-02
   4.6580410e-02   7.8802803e-01   3.6446567e-02
   4.7781310e-02   6.7530937e-01   3.9131325e-02
   4.8898270e-02   6.6916351e-01   3.1856706e-02
   5.0123360e-02   7.5269728e-01   4.0422423e-02
   5.1278920e-02   6.3850950e-01   3.2931465e-02
   5.2372350e-02   6.9758110e-01   3.7419129e-02
   5.3653340e-02   6.8448763e-01   3.6014839e-02
   5.4740640e-02   6.9437534e-01   3.4007449e-02
   5.5955020e-02   6.5077622e-01   3.6780035e-02
   5.7142000e-02   6.6291820e-01   2.9955700e-02
   5.8465430e-02   7.0353849e-01   3.1258418e-02
   5.9907880e-02   6.8030935e-01   2.6816944e-02
   6.1172190e-02   6.7103860e-01   3.0264500e-02
   6.2612730e-02   6.1678817e-01   2.5797201e-02
   6.4012430e-02   7.2060017e-01   2.9024749e-02
   6.5461690e-02   7.5042215e-01   2.7394191e-02
   6.6776340e-02   6.5639384e-01   2.8106719e-02
   6.8248710e-02   6.0891264e-01   2.6777382e-02
   6.9668940e-02   6.2951455e-01   2.5750939e-02
   7.1220640e-02   6.9135861e-01   2.5049649e-02
   7.2695790e-02   6.9999700e-01   2.5066429e-02
   7.4318370e-02   6.4375737e-01   2.3758723e-02
   7.5858730e-02   6.6696453e-01   2.5291449e-02
   7.7389370e-02   6.8646511e-01   2.3122601e-02
   7.9083650e-02   6.9277264e-01   2.3388713e-02
   8.0716550e-02   6.7192325e-01   2.1825356e-02
   8.2472690e-02   6.6596976e-01   2.2642279e-02
   8.4082470e-02   6.3807085e-01   2.1861624e-02
   8.5898040e-02   6.5664019e-01   2.1270942e-02
   8.7629980e-02   6.8793286e-01   2.1912870e-02
   8.9372660e-02   6.4956285e-01   1.9769155e-02
   9.1336320e-02   6.5345543e-01   2.0286760e-02
   9.3159930e-02   6.9654246e-01   1.9365037e-02
   9.5055230e-02   6.9948427e-01   1.9405527e-02
   9.7107190e-02   6.7320993e-01   1.8817339e-02
   9.8986030e-02   6.6724431e-01   1.9024674e-02
   1.0098598e-01   6.4322063e-01   1.7834838e-02
   1.0312890e-01   6.8086502e-01   1.8087068e-02
   1.0516875e-01   6.8584070e-01   1.7355681e-02
   1.0727254e-01   6.8021932e-01   1.7006148e-02
   1.0950714e-01   6.4896115e-01   1.6580626e-02
   1.1172046e-01   6.3605638e-01   1.6429822e-02
   1.1392209e-01   6.7677201e-01   1.6302771e-02
   1.1617182e-01   6.6667563e-01   1.5649325e-02
   1.1854448e-01   6.3172171e-01   1.5052078e-02
   1.2098255e-01   6.5225342e-01   1.4708801e-02
   1.2341487e-01   6.8241345e-01   1.5015047e-02
   1.2583833e-01   6.5553930e-01   1.4659412e-02
   1.2826200e-01   6.4893177e-01   1.4656128e-02
   1.3079508e-01   6.5422062e-01   1.3666637e-02
   1.3344228e-01   6.6070286e-01   1.3417177e-02
   1.3613607e-01   6.5160947e-01   1.2894655e-02
   1.3889340e-01   6.4377855e-01   1.2894618e-02
   1.4160805e-01   6.3076394e-01   1.2753364e-02
   1.4438972e-01   6.3287520e-01   1.2327691e-02
   1.4727771e-01   6.3883662e-01   1.2090010e-02
   1.5021580e-01   6.4168867e-01   1.1801852e-02
   1.5318066e-01   6.3078197e-01   1.1722433e-02
   1.5618798e-01   6.4549719e-01   1.1519902e-02
   1.5924451e-01   6.2786599e-01   1.1402608e-02
   1.6236475e-01   6.2947324e-01   1.1214715e-02
   1.6557405e-01   6.1729242e-01   1.1125017e-02
   1.6878234e-01   6.2086374e-01   1.1052922e-02
   1.7210463e-01   6.5383319e-01   1.0879067e-02
   1.7546839e-01   6.2972292e-01   1.0834470e-02
   1.7890541e-01   6.0348846e-01   1.0595606e-02
   1.8244720e-01   6.1055900e-01   1.0688069e-02
   1.8602646e-01   6.1882344e-01   1.0665654e-02
   1.8963301e-01   6.0784618e-01   1.0682245e-02
   1.9334911e-01   6.0843062e-01   1.0515537e-02
   1.9717288e-01   6.3554492e-01   1.0497785e-02
   2.0104647e-01   6.1882925e-01   1.0536102e-02
   2.0491910e-01   5.8174151e-01   1.0501711e-02
   2.0891158e-01   5.9451942e-01   1.0274551e-02
   2.1300310e-01   6.2413049e-01   1.0440326e-02
   2.1716327e-01   6.1476123e-01   1.0161668e-02
   2.2137603e-01   6.0270519e-01   1.0232016e-02
   2.2570012e-01   5.7599718e-01   9.9966687e-03
   2.3008871e-01   6.1704684e-01   1.0044669e-02
   2.3461263e-01   6.1827509e-01   9.9297321e-03
   2.3910971e-01   5.9432789e-01   9.9655613e-03
   2.4378042e-01   5.9636103e-01   9.7423646e-03
   2.4848190e-01   5.7745514e-01   9.7259078e-03
   2.5331237e-01   5.8897066e-01   9.4721526e-03
   2.5830984e-01   6.0925336e-01   9.5817177e-03
   2.6331448e-01   6.1017597e-01   9.4714030e-03
   2.6837473e-01   5.8924217e-01   9.4510232e-03
   2.7356977e-01   5.8152565e-01   9.2993696e-03
   2.7892460e-01   5.8877617e-01   9.1780312e-03
   2.8433411e-01   6.1129235e-01   9.1804529e-03
   2.8984733e-01   6.0473391e-01   9.3301738e-03
   2.9549228e-01   5.8331713e-01   9.4865107e-03
   3.0101850e-01   5.7588982e-01   1.0741024e-02
   3.0685728e-01   5.8696505e-01   1.2305529e-02
   3.1279679e-01   6.2443313e-01   1.4347355e-02
   3.1884569e-01   6.0709746e-01   1.8265307e-02
   3.2495885e-01   5.8492586e-01   7.5132670e-02
   3.3102615e-01   6.4327355e-01   1.4329195e-01
   3.3669764e-01   5.7927265e-01   3.6081340e-02
