   1.6783700e-03   3.6128788e+02   7.0440749e+00
   1.8929300e-03   3.6573392e+02   2.8678071e+01
   2.1146600e-03   3.7120265e+02   2.3967749e+01
   2.3251900e-03   4.2246216e+02   5.0671365e+00
   2.5238900e-03   4.6900182e+02   5.0510524e+00
   2.7264400e-03   5.1609238e+02   4.9669457e+00
   2.9309200e-03   5.9688790e+02   5.2597573e+00
   3.1618300e-03   7.3124768e+02   5.0862900e+00
   3.4163900e-03   1.0131134e+03   5.6328861e+00
   3.6535800e-03   1.4032174e+03   6.6143518e+00
   3.8938200e-03   1.9172062e+03   6.9740516e+00
   4.1541600e-03   2.4308934e+03   7.5602123e+00
   4.4146500e-03   2.6957823e+03   7.8395108e+00
   4.6525800e-03   2.5920474e+03   7.9682763e+00
   4.8790800e-03   2.1634035e+03   7.0170912e+00
   5.1146400e-03   1.5641849e+03   5.8743984e+00
   5.3623500e-03   9.9677491e+02   4.6718173e+00
   5.6063500e-03   5.8602769e+02   3.8198130e+00
   5.8447000e-03   3.3923525e+02   2.9523211e+00
   6.0916900e-03   2.0936991e+02   2.3086941e+00
   6.3326200e-03   1.3965369e+02   1.8964851e+00
   6.5664000e-03   1.0433897e+02   1.5266090e+00
   6.8224300e-03   7.5182412e+01   1.1596366e+00
   7.0875800e-03   5.1243707e+01   9.6295404e-01
   7.3447100e-03   3.4881151e+01   7.6657674e-01
   7.6014700e-03   2.4712285e+01   6.4199395e-01
   7.8695100e-03   1.7468029e+01   5.1958165e-01
   8.1507000e-03   1.3813159e+01   4.5388438e-01
   8.4220500e-03   1.3568725e+01   4.3001824e-01
   8.6829800e-03   1.7404056e+01   4.2862142e-01
   8.9481700e-03   2.1353620e+01   4.2637713e-01
   9.2155900e-03   2.5370258e+01   4.4585938e-01
   9.5018300e-03   2.7276032e+01   4.1494465e-01
   9.7941800e-03   2.8727804e+01   4.3648842e-01
   1.0069740e-02   2.7220968e+01   4.2164497e-01
   1.0353630e-02   2.6533004e+01   4.0012111e-01
   1.0652880e-02   2.3328398e+01   3.6859677e-01
   1.0948780e-02   2.1308163e+01   3.5689058e-01
   1.1247970e-02   1.8125943e+01   3.1413960e-01
   1.1562830e-02   1.5492628e+01   2.8698927e-01
   1.1888950e-02   1.2005980e+01   2.5058720e-01
   1.2210650e-02   8.1110024e+00   2.2291746e-01
   1.2527240e-02   6.0056308e+00   1.9727135e-01
   1.2864320e-02   4.7064595e+00   1.7068159e-01
   1.3199830e-02   3.9392036e+00   1.6021080e-01
   1.3521170e-02   3.5134157e+00   1.5169731e-01
   1.3863540e-02   3.4297605e+00   1.3984714e-01
   1.4215570e-02   4.1156211e+00   1.4559310e-01
   1.4554410e-02   4.7287907e+00   1.5002023e-01
   1.4904520e-02   5.8588378e+00   1.5697984e-01
   1.5267470e-02   6.4065128e+00   1.5958217e-01
   1.5629920e-02   6.7457946e+00   1.6561171e-01
   1.5998810e-02   6.7875132e+00   1.7301685e-01
   1.6372960e-02   6.1752145e+00   1.8322278e-01
   1.6751470e-02   6.2026250e+00   1.9097235e-01
   1.7138840e-02   5.1862622e+00   1.9060832e-01
   1.7533750e-02   4.3386071e+00   1.8592263e-01
   1.7939780e-02   3.5686749e+00   1.8413492e-01
   1.8350390e-02   3.0746220e+00   1.8176448e-01
   1.8765720e-02   1.9742491e+00   1.7791935e-01
   1.9188210e-02   1.3533415e+00   1.7922558e-01
   1.9619630e-02   1.6332938e+00   1.9342424e-01
   2.0054290e-02   1.2086609e+00   2.1172964e-01
   2.0496790e-02   1.5754408e+00   2.5990973e-01
   2.0937060e-02   2.0183861e+00   2.8912413e-01
   2.1384150e-02   1.5866784e+00   3.5899093e-01
   2.1833090e-02   2.1774097e+00   5.8000590e-01
   2.2254910e-02   7.9011241e-02   8.9126515e-02
   2.2919340e-02   1.4747389e+00   2.1047667e-01
   2.3525890e-02   1.3215587e+00   1.9493037e-01
   2.4258310e-02   1.4651825e+00   7.8663438e-02
   2.5140230e-02   1.1981456e+00   8.3739584e-02
   2.6090430e-02   1.0814548e+00   6.3594211e-02
   2.6758010e-02   1.0291967e+00   5.8017674e-02
   2.7575200e-02   1.1327832e+00   7.5165437e-02
   2.8236650e-02   1.1575829e+00   7.4506688e-02
   2.9050630e-02   1.1212696e+00   4.6246142e-02
   2.9884550e-02   8.7744006e-01   5.3301827e-02
   3.0870610e-02   8.3392811e-01   4.7602530e-02
   3.1883360e-02   7.5078405e-01   3.6339511e-02
   3.2795690e-02   7.8464161e-01   4.2412237e-02
   3.3651520e-02   7.9177678e-01   4.8320695e-02
   3.4574120e-02   7.8443561e-01   3.3688330e-02
   3.5472640e-02   7.8296331e-01   4.1602662e-02
   3.6419380e-02   8.1982204e-01   4.0038601e-02
   3.7397290e-02   7.2127084e-01   3.2067977e-02
   3.8227670e-02   7.3919219e-01   3.6108533e-02
   3.9200040e-02   7.3550642e-01   3.5774584e-02
   4.0267640e-02   7.5428245e-01   2.7743482e-02
   4.1367190e-02   7.2735091e-01   3.1575496e-02
   4.2525330e-02   7.0500134e-01   2.9604214e-02
   4.3404720e-02   6.6770907e-01   2.8314929e-02
   4.4433780e-02   6.7089097e-01   2.9205032e-02
   4.5569820e-02   6.7823541e-01   2.6969298e-02
   4.6620950e-02   6.8529482e-01   2.5153458e-02
   4.7822890e-02   6.4443287e-01   2.7343562e-02
   4.8940830e-02   6.8882134e-01   2.2742701e-02
   5.0166990e-02   6.6307006e-01   2.6589495e-02
   5.1323550e-02   7.0281545e-01   2.3982240e-02
   5.2417940e-02   6.5009369e-01   2.3963177e-02
   5.3700040e-02   7.0808712e-01   2.4568531e-02
   5.4788280e-02   6.9386356e-01   2.2703385e-02
   5.6003720e-02   6.7999277e-01   2.4361334e-02
   5.7191730e-02   6.8972907e-01   2.1601987e-02
   5.8516320e-02   6.6776252e-01   2.0769007e-02
   5.9960020e-02   6.7492381e-01   1.9540290e-02
   6.1225430e-02   6.8282654e-01   2.1502906e-02
   6.2667220e-02   6.5558223e-01   1.8107805e-02
   6.4068150e-02   7.2327848e-01   2.0143577e-02
   6.5518660e-02   6.8777194e-01   1.8964029e-02
   6.6834460e-02   7.2032780e-01   1.9367773e-02
   6.8308110e-02   6.7418329e-01   1.8501123e-02
   6.9729570e-02   6.9247612e-01   1.7940962e-02
   7.1282630e-02   6.9089319e-01   1.7668453e-02
   7.2759060e-02   6.8853659e-01   1.7424303e-02
   7.4383050e-02   6.7000838e-01   1.6148616e-02
   7.5924760e-02   6.6673166e-01   1.7565107e-02
   7.7456720e-02   6.8664719e-01   1.5779109e-02
   7.9152480e-02   7.3208275e-01   1.6371042e-02
   8.0786800e-02   7.0503981e-01   1.5173855e-02
   8.2544470e-02   6.8701754e-01   1.5788111e-02
   8.4155650e-02   7.0374463e-01   1.5390402e-02
   8.5972800e-02   6.4637984e-01   1.4005823e-02
   8.7706250e-02   7.2991125e-01   1.5776811e-02
   8.9450440e-02   6.9820732e-01   1.3578945e-02
   9.1415810e-02   7.0901711e-01   1.3869264e-02
   9.3241010e-02   6.7113333e-01   1.3797955e-02
   9.5137960e-02   6.7240963e-01   1.2855668e-02
   9.7191700e-02   6.7389083e-01   1.2828121e-02
   9.9072180e-02   6.7835166e-01   1.3241933e-02
   1.0107387e-01   6.9609438e-01   1.2097714e-02
   1.0321866e-01   6.7739205e-01   1.2296894e-02
   1.0526029e-01   6.7904857e-01   1.2100201e-02
   1.0736591e-01   6.8075474e-01   1.1535252e-02
   1.0960245e-01   7.0711129e-01   1.1498027e-02
   1.1181770e-01   6.8007585e-01   1.1323388e-02
   1.1402125e-01   6.6042277e-01   1.0996744e-02
   1.1627293e-01   6.4708722e-01   1.0647913e-02
   1.1864766e-01   6.5878234e-01   1.0366532e-02
   1.2108784e-01   6.6645374e-01   1.0177294e-02
   1.2352229e-01   6.7903118e-01   1.0195555e-02
   1.2594785e-01   6.5655040e-01   9.8209589e-03
   1.2837363e-01   6.4956469e-01   9.8023978e-03
   1.3090891e-01   6.7773674e-01   9.3746188e-03
   1.3355842e-01   6.5432640e-01   9.2173890e-03
   1.3625455e-01   6.3471758e-01   8.7848868e-03
   1.3901428e-01   6.4673512e-01   8.7803615e-03
   1.4173130e-01   6.5343198e-01   8.7626910e-03
   1.4451538e-01   6.4453583e-01   8.3588641e-03
   1.4740589e-01   6.4108831e-01   8.2466842e-03
   1.5034654e-01   6.4426643e-01   8.0750650e-03
   1.5331398e-01   6.5175071e-01   8.0036431e-03
   1.5632392e-01   6.3762098e-01   7.7445581e-03
   1.5938311e-01   6.3204352e-01   7.7342980e-03
   1.6250607e-01   6.2063990e-01   7.5239215e-03
   1.6571816e-01   6.1937606e-01   7.5062811e-03
   1.6892924e-01   6.1967719e-01   7.4453077e-03
   1.7225442e-01   6.1324768e-01   7.2102590e-03
   1.7562111e-01   6.1743633e-01   7.3085801e-03
   1.7906112e-01   6.0781425e-01   7.1313163e-03
   1.8260599e-01   6.0655444e-01   7.1692105e-03
   1.8618836e-01   6.0041221e-01   7.1581140e-03
   1.8979805e-01   5.8380903e-01   7.1080071e-03
   1.9351739e-01   5.9824322e-01   7.0553352e-03
   1.9734449e-01   5.9405548e-01   6.9709284e-03
   2.0122145e-01   5.9477275e-01   7.0418768e-03
   2.0509745e-01   5.8675909e-01   6.9998843e-03
   2.0909340e-01   5.9203679e-01   6.8433466e-03
   2.1318848e-01   5.7659523e-01   6.8968086e-03
   2.1735228e-01   5.7775988e-01   6.7482045e-03
   2.2156870e-01   5.8890892e-01   6.7860304e-03
   2.2589656e-01   5.8570555e-01   6.7172760e-03
   2.3028897e-01   5.6657335e-01   6.5710350e-03
   2.3481682e-01   5.7559908e-01   6.5913550e-03
   2.3931782e-01   5.7251071e-01   6.6063148e-03
   2.4399259e-01   5.7882910e-01   6.4243416e-03
   2.4869816e-01   5.7977238e-01   6.5373689e-03
   2.5353284e-01   5.7568530e-01   6.3105858e-03
   2.5853466e-01   5.7245706e-01   6.3493803e-03
   2.6354365e-01   5.6870218e-01   6.2634396e-03
   2.6860831e-01   5.7710035e-01   6.2767734e-03
   2.7380787e-01   5.7735819e-01   6.1811069e-03
   2.7916736e-01   5.7076935e-01   6.0940980e-03
   2.8458158e-01   5.7009979e-01   6.1516592e-03
   2.9009959e-01   5.7194999e-01   6.1350315e-03
   2.9574946e-01   5.6539126e-01   6.1711562e-03
   3.0128049e-01   5.5975490e-01   7.0296813e-03
   3.0712435e-01   5.7731366e-01   8.2211347e-03
   3.1306903e-01   5.8136282e-01   9.8279058e-03
   3.1912319e-01   4.7760726e-01   5.3928186e-02
   3.2524168e-01   6.2801146e-01   7.3179430e-02
   3.3131426e-01   5.8871374e-01   1.3947756e-01
   3.3699068e-01   5.5574033e-01   3.5158240e-02
