   1.6783700e-03   3.6128788e+02   7.0440749e+00
   1.8929300e-03   3.6573392e+02   2.8678071e+01
   2.1146600e-03   3.7938350e+02   7.9055462e+00
   2.3251900e-03   4.2515815e+02   7.5859062e+00
   2.5238900e-03   4.7566703e+02   7.9411667e+00
   2.7264400e-03   5.2207650e+02   7.6715600e+00
   2.9309200e-03   5.9427001e+02   7.5384284e+00
   3.1618300e-03   7.2220759e+02   7.2913143e+00
   3.4163900e-03   9.7913357e+02   7.8682123e+00
   3.6535800e-03   1.3609180e+03   8.8845448e+00
   3.8938200e-03   1.9107801e+03   9.4471473e+00
   4.1541600e-03   2.4597577e+03   1.0347647e+01
   4.4146500e-03   2.7563636e+03   1.0818808e+01
   4.6525800e-03   2.6664642e+03   1.1244618e+01
   4.8790800e-03   2.1764112e+03   1.0232935e+01
   5.1146400e-03   1.5242825e+03   8.6887965e+00
   5.3623500e-03   9.6294632e+02   6.7955507e+00
   5.6063500e-03   5.5676700e+02   5.4759336e+00
   5.8447000e-03   3.2418353e+02   4.2829550e+00
   6.0916900e-03   2.1253450e+02   3.4774928e+00
   6.3326200e-03   1.4378261e+02   2.7602690e+00
   6.5664000e-03   1.0779280e+02   2.2233664e+00
   6.8224300e-03   8.0926806e+01   1.7025447e+00
   7.0875800e-03   5.2296536e+01   1.3793751e+00
   7.3447100e-03   3.4938132e+01   1.0926906e+00
   7.6014700e-03   2.6051818e+01   9.2738760e-01
   7.8695100e-03   1.8228023e+01   7.4116299e-01
   8.1507000e-03   1.3487163e+01   6.5847542e-01
   8.4220500e-03   1.3304538e+01   6.2070682e-01
   8.6829800e-03   1.7559941e+01   6.4399907e-01
   8.9481700e-03   2.2011289e+01   6.3179731e-01
   9.2155900e-03   2.5435224e+01   6.4788602e-01
   9.5018300e-03   2.7756525e+01   6.0950533e-01
   9.7941800e-03   2.8816383e+01   6.3929155e-01
   1.0069740e-02   2.7332899e+01   6.1087807e-01
   1.0353630e-02   2.6424995e+01   5.9982682e-01
   1.0652880e-02   2.3506154e+01   5.4294112e-01
   1.0948780e-02   2.1070352e+01   5.1737328e-01
   1.1247970e-02   1.8053759e+01   4.5307317e-01
   1.1562830e-02   1.5730125e+01   4.1407815e-01
   1.1888950e-02   1.2346724e+01   3.5994349e-01
   1.2210650e-02   7.6088720e+00   3.1986715e-01
   1.2527240e-02   5.6811807e+00   2.8453614e-01
   1.2864320e-02   4.9580395e+00   2.5301869e-01
   1.3199830e-02   3.9943111e+00   2.3195779e-01
   1.3521170e-02   3.3959863e+00   2.2010003e-01
   1.3863540e-02   3.4247345e+00   2.0873708e-01
   1.4215570e-02   4.0447058e+00   2.1408623e-01
   1.4554410e-02   4.7306564e+00   2.1832572e-01
   1.4904520e-02   5.9426280e+00   2.3102696e-01
   1.5267470e-02   6.4282304e+00   2.3343832e-01
   1.5629920e-02   6.8898182e+00   2.4190677e-01
   1.5998810e-02   6.7807012e+00   2.5450274e-01
   1.6372960e-02   5.9992680e+00   2.6816208e-01
   1.6751470e-02   6.3707701e+00   2.7787204e-01
   1.7138840e-02   5.3924466e+00   2.7725602e-01
   1.7533750e-02   3.9453306e+00   2.7067985e-01
   1.7939780e-02   3.6312537e+00   2.6698328e-01
   1.8350390e-02   3.4251539e+00   2.6251655e-01
   1.8765720e-02   1.6792488e+00   2.6007991e-01
   1.9188210e-02   1.1817407e+00   2.6237199e-01
   1.9619630e-02   1.8556486e+00   2.7847232e-01
   2.0054290e-02   1.0753557e+00   3.0891702e-01
   2.0496790e-02   1.6278533e+00   3.6385734e-01
   2.0937060e-02   1.7697462e+00   5.1464905e-01
   2.1384150e-02   2.0897393e+00   5.3351781e-01
   2.1833090e-02   2.3937136e+00   7.8314214e-01
   2.2254910e-02  -5.3081982e-01   2.2847965e-01
   2.2919340e-02   1.1119037e+00   5.5046716e-01
   2.3525890e-02   2.1629157e+00   1.0629943e-01
   2.4258310e-02   1.1433411e+00   1.2863444e-01
   2.5140230e-02   1.1993304e+00   1.0413833e-01
   2.6090430e-02   1.1174203e+00   8.9006877e-02
   2.6758010e-02   9.5208293e-01   9.3253309e-02
   2.7575200e-02   1.1165989e+00   1.1505113e-01
   2.8236650e-02   1.2543286e+00   1.0854844e-01
   2.9050630e-02   1.1372432e+00   7.4975407e-02
   2.9884550e-02   8.4783601e-01   7.2134614e-02
   3.0870610e-02   8.1392200e-01   6.0649883e-02
   3.1883360e-02   7.5282421e-01   5.2513382e-02
   3.2795690e-02   7.7926602e-01   5.7949337e-02
   3.3651520e-02   8.2373939e-01   6.8205706e-02
   3.4574120e-02   7.5290395e-01   5.1365027e-02
   3.5472640e-02   7.8861999e-01   5.8753479e-02
   3.6419380e-02   8.5551066e-01   5.7379512e-02
   3.7397290e-02   7.0293022e-01   4.9934191e-02
   3.8227670e-02   7.0965532e-01   5.1970513e-02
   3.9200040e-02   7.5930035e-01   5.0542847e-02
   4.0267640e-02   7.5198852e-01   3.7867790e-02
   4.1367190e-02   7.3227896e-01   4.3989903e-02
   4.2525330e-02   7.0895795e-01   4.2354787e-02
   4.3404720e-02   6.5810663e-01   4.1408278e-02
   4.4433780e-02   6.5551130e-01   4.4062760e-02
   4.5569820e-02   6.9931759e-01   3.8003655e-02
   4.6620950e-02   6.8516408e-01   3.5519437e-02
   4.7822890e-02   6.3561560e-01   3.8397077e-02
   4.8940830e-02   6.7890292e-01   3.1680884e-02
   5.0166990e-02   6.8673810e-01   3.8989838e-02
   5.1323550e-02   6.9520984e-01   3.3455804e-02
   5.2417940e-02   6.3586493e-01   3.6245991e-02
   5.3700040e-02   7.1558838e-01   3.6448297e-02
   5.4788280e-02   7.0742371e-01   3.3719310e-02
   5.6003720e-02   6.6585688e-01   3.6827616e-02
   5.7191730e-02   6.9595790e-01   3.0107325e-02
   5.8516320e-02   6.6120398e-01   3.0851277e-02
   5.9960020e-02   6.8309141e-01   2.6884705e-02
   6.1225430e-02   6.7950082e-01   3.0139386e-02
   6.2667220e-02   6.4733322e-01   2.5867761e-02
   6.4068150e-02   7.2448886e-01   2.9163331e-02
   6.5518660e-02   7.0235333e-01   2.7179525e-02
   6.6834460e-02   7.1383087e-01   2.8676422e-02
   6.8308110e-02   6.7454331e-01   2.7122601e-02
   6.9729570e-02   6.8172222e-01   2.6240135e-02
   7.1282630e-02   7.0107280e-01   2.5281537e-02
   7.2759060e-02   6.9245587e-01   2.5104300e-02
   7.4383050e-02   6.7215513e-01   2.3975562e-02
   7.5924760e-02   6.4421229e-01   2.5246547e-02
   7.7456720e-02   6.8834179e-01   2.3254481e-02
   7.9152480e-02   7.5863058e-01   2.3766875e-02
   8.0786800e-02   6.8918881e-01   2.2107853e-02
   8.2544470e-02   6.9288236e-01   2.2872440e-02
   8.4155650e-02   7.0682884e-01   2.2432697e-02
   8.5972800e-02   6.2485816e-01   2.1275487e-02
   8.7706250e-02   7.3095822e-01   2.2419036e-02
   8.9450440e-02   7.2595003e-01   2.0031191e-02
   9.1415810e-02   6.9472156e-01   2.0569214e-02
   9.3241010e-02   6.7139340e-01   1.9320751e-02
   9.5137960e-02   6.7003188e-01   1.9311601e-02
   9.7191700e-02   6.7130154e-01   1.8826628e-02
   9.9072180e-02   6.7721315e-01   1.8963679e-02
   1.0107387e-01   7.0438837e-01   1.8061639e-02
   1.0321866e-01   6.8191897e-01   1.8043478e-02
   1.0526029e-01   6.6290674e-01   1.7413597e-02
   1.0736591e-01   6.8096925e-01   1.7013652e-02
   1.0960245e-01   7.2115233e-01   1.6813521e-02
   1.1181770e-01   6.8479055e-01   1.6570370e-02
   1.1402125e-01   6.4765691e-01   1.6262349e-02
   1.1627293e-01   6.4793201e-01   1.5607974e-02
   1.1864766e-01   6.5294627e-01   1.5073334e-02
   1.2108784e-01   6.6887112e-01   1.4702243e-02
   1.2352229e-01   6.9653921e-01   1.5008213e-02
   1.2594785e-01   6.4411042e-01   1.4631085e-02
   1.2837363e-01   6.3306589e-01   1.4544640e-02
   1.3090891e-01   7.0107482e-01   1.3734737e-02
   1.3355842e-01   6.5906423e-01   1.3338940e-02
   1.3625455e-01   6.1213555e-01   1.2795219e-02
   1.3901428e-01   6.5183637e-01   1.2869599e-02
   1.4173130e-01   6.6541526e-01   1.2790000e-02
   1.4451538e-01   6.3991314e-01   1.2301742e-02
   1.4740589e-01   6.3368194e-01   1.2083808e-02
   1.5034654e-01   6.4793774e-01   1.1754432e-02
   1.5331398e-01   6.5589878e-01   1.1756654e-02
   1.5632392e-01   6.3777922e-01   1.1427129e-02
   1.5938311e-01   6.2977854e-01   1.1380897e-02
   1.6250607e-01   6.1937549e-01   1.1102782e-02
   1.6571816e-01   6.1983930e-01   1.1025736e-02
   1.6892924e-01   6.1950955e-01   1.0946480e-02
   1.7225442e-01   6.1356763e-01   1.0667426e-02
   1.7562111e-01   6.1849778e-01   1.0703107e-02
   1.7906112e-01   6.0514972e-01   1.0447553e-02
   1.8260599e-01   6.1088649e-01   1.0549899e-02
   1.8618836e-01   6.0196158e-01   1.0497605e-02
   1.8979805e-01   5.7535936e-01   1.0439474e-02
   1.9351739e-01   5.9896029e-01   1.0342189e-02
   1.9734449e-01   6.0312637e-01   1.0247785e-02
   2.0122145e-01   5.8728321e-01   1.0322963e-02
   2.0509745e-01   5.8663792e-01   1.0303714e-02
   2.0909340e-01   5.9992930e-01   1.0102480e-02
   2.1318848e-01   5.7185241e-01   1.0142872e-02
   2.1735228e-01   5.6738986e-01   9.9143735e-03
   2.2156870e-01   6.0194622e-01   9.9854007e-03
   2.2589656e-01   5.8851755e-01   9.8285945e-03
   2.3028897e-01   5.5732626e-01   9.7103648e-03
   2.3481682e-01   5.7615398e-01   9.6735076e-03
   2.3931782e-01   5.7578720e-01   9.7282603e-03
   2.4399259e-01   5.7608880e-01   9.5118923e-03
   2.4869816e-01   5.8217809e-01   9.5663345e-03
   2.5353284e-01   5.7773777e-01   9.2578675e-03
   2.5853466e-01   5.7025002e-01   9.3553593e-03
   2.6354365e-01   5.6452251e-01   9.2055381e-03
   2.6860831e-01   5.7967649e-01   9.2556085e-03
   2.7380787e-01   5.8303558e-01   9.1030600e-03
   2.7916736e-01   5.6544701e-01   8.9648178e-03
   2.8458158e-01   5.6656825e-01   8.9158586e-03
   2.9009959e-01   5.8226645e-01   9.0916813e-03
   2.9574946e-01   5.6266904e-01   9.2603293e-03
   3.0128049e-01   5.4501798e-01   1.0427042e-02
   3.0712435e-01   5.9117207e-01   1.2025916e-02
   3.1306903e-01   5.8744321e-01   1.3937135e-02
   3.1912319e-01   5.4199584e-01   1.7647344e-02
   3.2524168e-01   6.2801146e-01   7.3179430e-02
   3.3131426e-01   5.8871374e-01   1.3947756e-01
   3.3699068e-01   5.5574033e-01   3.5158240e-02
