# X , Y , E , DX
1
0.00304279,0,0,0
0.00483519,0,0,0
0.00662759,12.1514,0.233097,0.00319187
0.00841999,12.1073,0.0864102,0.00327381
0.0102124,12.3059,0.0597595,0.00347249
0.0120048,12.0761,0.0532022,0.0036571
0.0137972,11.701,0.0469169,0.00348696
0.0155896,11.2224,0.0389782,0.0034562
0.017382,10.9789,0.0353277,0.00348478
0.0191744,10.5249,0.029964,0.00355667
0.0209668,10.1457,0.0283361,0.00356492
0.0227592,9.82722,0.0271823,0.00360083
0.0245516,9.39402,0.0256576,0.0035917
0.026344,9.03483,0.023388,0.0035522
0.0281364,8.719,0.0221322,0.0035619
0.0299288,8.38864,0.0219911,0.00359745
0.0317212,8.14559,0.0206712,0.00356571
0.0335136,7.92147,0.0200646,0.00359512
0.035306,7.64519,0.0193157,0.00362565
0.0370984,7.42029,0.0179346,0.00359534
0.0388908,7.19161,0.0174613,0.00360321
0.0406832,6.92417,0.0169452,0.00359298
0.0424756,6.70155,0.0158666,0.00357305
0.044268,6.47498,0.0154963,0.00359357
0.0460604,6.24858,0.0146617,0.0036058
0.0478528,6.0513,0.0139237,0.0035946
0.0496452,5.84635,0.0135259,0.00360238
0.0514376,5.65811,0.0130974,0.00361771
0.05323,5.49508,0.0122711,0.00362005
0.0550224,5.3038,0.0120113,0.00363419
0.0568148,5.1322,0.0116104,0.00364297
0.0586072,4.96995,0.0110807,0.00363313
0.0603996,4.79655,0.010741,0.00364494
0.062192,4.63584,0.0104136,0.00366366
0.0639844,4.49248,0.00999086,0.00366641
0.0657768,4.33233,0.00973492,0.00365393
0.0675692,4.17464,0.00950324,0.00367784
0.0693616,4.02733,0.00896554,0.00367521
0.071154,3.90919,0.00878414,0.00369652
0.0729464,3.76991,0.00852678,0.00369838
0.0747388,3.63942,0.0082487,0.003692
0.0765312,3.50968,0.00796772,0.00370322
0.0783236,3.39057,0.00777604,0.00372007
0.080116,3.25238,0.00742511,0.00372074
0.0819084,3.13411,0.00725752,0.00372646
0.0837008,3.02532,0.00706575,0.00374014
0.0854932,2.93078,0.00679812,0.00373742
0.0872856,2.80778,0.00660854,0.00375762
0.089078,2.70393,0.0064199,0.00376676
0.0908704,2.61097,0.00624127,0.00377562
0.0926628,2.51167,0.00614207,0.00378186
0.0944552,2.41526,0.00596499,0.00379848
0.0962476,2.32928,0.00572038,0.00380389
0.09804,2.23239,0.00561459,0.00382291
0.0998324,2.14239,0.00543272,0.00382386
0.101625,2.05417,0.00527803,0.00382247
0.103417,1.98197,0.00511372,0.00383914
0.10521,1.90396,0.00496639,0.00386135
0.107002,1.82749,0.00485109,0.00385843
0.108794,1.74639,0.00472598,0.00387661
0.110587,1.67949,0.0046399,0.00388389
0.112379,1.61313,0.00444514,0.00388908
0.114172,1.54713,0.00433941,0.00390476
0.115964,1.47961,0.00423486,0.00391218
0.117756,1.40879,0.00407596,0.00391862
0.119549,1.35451,0.00396678,0.00392674
0.121341,1.29812,0.00385829,0.00394312
0.123134,1.23204,0.0037041,0.00394623
0.124926,1.18008,0.00361789,0.00395588
0.126718,1.13023,0.0035455,0.0039644
0.128511,1.08324,0.00340996,0.00397197
0.130303,1.03489,0.00331936,0.00398447
0.132096,0.988784,0.00321776,0.00399384
0.133888,0.944493,0.00312863,0.00399887
0.13568,0.899206,0.00303273,0.00401213
0.137473,0.854135,0.0029337,0.00403138
0.139265,0.821868,0.00285475,0.0040339
0.141058,0.780165,0.00277862,0.00404546
0.14285,0.748057,0.00269782,0.00405805
0.144642,0.714389,0.00261664,0.0040712
0.146435,0.680692,0.00252514,0.00408301
0.148227,0.64797,0.00246296,0.00410375
0.15002,0.617417,0.00239006,0.0041022
0.151812,0.584336,0.00232304,0.00411315
0.153604,0.556827,0.00225483,0.00412935
0.155397,0.530221,0.00217618,0.00414916
0.157189,0.505304,0.00213208,0.00416098
0.158982,0.482416,0.00209268,0.00416511
0.160774,0.457269,0.00201506,0.00417545
0.162566,0.435475,0.00195685,0.00419708
0.164359,0.412755,0.00190991,0.00421986
0.166151,0.395654,0.0018502,0.00422149
0.167944,0.377198,0.00180015,0.00423834
0.169736,0.361977,0.00175677,0.00425381
0.171528,0.339823,0.00169333,0.00425798
0.173321,0.324017,0.0016569,0.00429674
0.175113,0.309318,0.00161207,0.00429033
0.176906,0.292918,0.00156775,0.00430859
0.178698,0.278783,0.0015345,0.0043369
0.18049,0.262887,0.00147929,0.00433807
0.182283,0.251217,0.00144789,0.00436515
0.184075,0.240026,0.00140869,0.00437554
0.185868,0.228347,0.00138952,0.00437485
0.18766,0.218039,0.00133865,0.00440434
0.189452,0.211019,0.00131351,0.00442204
0.191245,0.200491,0.00129005,0.0044208
0.193037,0.191157,0.00125425,0.0044453
0.19483,0.181449,0.00123825,0.0044468
0.196622,0.172357,0.00119929,0.00447166
0.198414,0.165749,0.00116715,0.00450217
0.200207,0.160259,0.00115532,0.00450298
0.201999,0.153326,0.00111753,0.00451761
0.203792,0.1453,0.00110445,0.00454463
0.205584,0.139926,0.00107755,0.00454632
0.207376,0.134482,0.00106716,0.00457228
0.209169,0.130932,0.0010381,0.00458508
0.210961,0.125933,0.00102293,0.00459176
0.212754,0.121428,0.00100157,0.0046225
0.214546,0.117245,0.000986657,0.00463033
0.216338,0.11275,0.000978907,0.00463922
0.218131,0.110084,0.000968617,0.00465393
0.219923,0.106789,0.000947069,0.00468276
0.221716,0.102973,0.000925431,0.00469029
0.223508,0.100105,0.000914886,0.00471607
0.2253,0.098112,0.000908181,0.00472864
0.227093,0.0946314,0.000893949,0.00474537
0.228885,0.0930376,0.000884267,0.00475969
0.230678,0.091891,0.000869015,0.00477621
0.23247,0.0876037,0.000867021,0.00478191
0.234262,0.0876933,0.000860454,0.00479806
0.236055,0.0867616,0.000847117,0.00482765
0.237847,0.0859523,0.000835923,0.00484403
0.23964,0.084552,0.000837571,0.00485266
0.241432,0.0815064,0.00082816,0.00486681
0.243224,0.080824,0.000824063,0.00489878
0.245017,0.0799523,0.000819927,0.00491442
0.246809,0.0796857,0.000812542,0.00493751
0.248602,0.0793085,0.000813011,0.00496257
0.250394,0.0781194,0.000810303,0.00499534
0.252186,0.0781615,0.000808172,0.00500294
0.253979,0.0779878,0.000797407,0.00503963
0.255771,0.0772021,0.000814511,0.00505141
0.257564,0.0762453,0.000817221,0.00507972
0.259356,0.0773125,0.000808236,0.00508864
0.261148,0.0762057,0.000808539,0.00511233
0.262941,0.0750905,0.000816068,0.00515052
0.264733,0.0767182,0.000818345,0.00517936
0.266526,0.075501,0.00081423,0.00521038
0.268318,0.0767733,0.000836206,0.005218
0.27011,0.0760611,0.000824991,0.00526217
0.271903,0.0755341,0.000831289,0.00529512
0.273695,0.075297,0.00083958,0.00531715
0.275488,0.0759734,0.000867753,0.00534523
0.27728,0.0762715,0.000864345,0.0053741
0.279072,0.0765619,0.000858449,0.0054271
0.280865,0.0752134,0.000884014,0.00544082
0.282657,0.0772322,0.000905482,0.00544974
0.28445,0.0764248,0.00090284,0.00549345
0.286242,0.0769284,0.000916139,0.00552227
0.288034,0.0752747,0.00091589,0.00557245
0.289827,0.0772005,0.000950607,0.00558158
0.291619,0.0752803,0.000955245,0.00563863
0.293412,0.0773204,0.000952669,0.00565345
0.295204,0.0761061,0.000994887,0.00569626
0.296996,0.075231,0.00100532,0.00572223
0.298789,0.0758251,0.000992355,0.00575581
0.300581,0.0749106,0.00102646,0.0057971
0.302374,0.0759892,0.00105214,0.00582245
0.304166,0.0766512,0.00107921,0.00585396
0.305958,0.0765278,0.0010926,0.00589514
0.307751,0.0774884,0.00108634,0.00592985
0.309543,0.0765304,0.00115324,0.00596065
0.311336,0.0776214,0.00115741,0.0059879
0.313128,0.0759791,0.00117148,0.00604046
0.31492,0.0784283,0.0012315,0.00606573
0.316713,0.079201,0.00128007,0.00609338
0.318505,0.0781883,0.00132075,0.00613135
0.320298,0.0758029,0.00126745,0.00618666
0.32209,0.0743087,0.00152341,0.00621775
0.323882,0.0746498,0.00140675,0.00626163
0.325675,0.0791327,0.00144602,0.00628237
0.327467,0.0748823,0.00151858,0.00632584
0.32926,0.0744567,0.00161403,0.00637456
0.331052,0.07767,0.00158449,0.00639534
0.332844,0.0761403,0.00192981,0.00645651
0.334637,0.0759165,0.00201292,0.00649168
0.336429,0.076245,0.00192412,0.0065207
0.338222,0.0755751,0.00209932,0.00655735
0.340014,0.0760947,0.0021246,0.00661717
0.341806,0.0672173,0.00168003,0.00667663
0.343599,0.0734369,0.00208098,0.00669221
0.345391,0.0710133,0.00357561,0.00675098
0.347184,0.0738609,0.00223617,0.00676803
0.348976,0.0763489,0.00300915,0.00682931
0.350768,0.0739371,0.00320866,0.00688543
0.352561,0.0733443,0.00250566,0.00689855
0.354353,0.0739351,0.00252867,0.00693933
0.356146,0.0777525,0.00323142,0.00699471
0.357938,0.0698144,0.00242226,0.00704195
0.35973,0.0719617,0.00216063,0.00706022
0.361523,0.0708075,0.00260657,0.00712149
0.363315,0.0708925,0.00255475,0.00714958
0.365108,0.0769922,0.00408433,0.00718147
0.3669,0.0728952,0.00276209,0.00723301
0.368692,0.0742773,0.00288536,0.00726529
0.370485,0.0717681,0.00266604,0.00731097
0.372277,0.0758356,0.00370193,0.00734213
0.37407,0.074747,0.00280874,0.00737295
0.375862,0.0682561,0.00249698,0.00742546
0.377654,0.069896,0.0039246,0.00746857
0.379447,0.069816,0.0030201,0.00748192
0.381239,0.0704057,0.00273731,0.00754941
0.383032,0.0686646,0.0028883,0.00757073
0.384824,0.0676057,0.00256482,0.00762489
0.386616,0.0667859,0.00253386,0.00766704
0.388409,0.0718071,0.00269202,0.00767955
0.390201,0.0757677,0.00296425,0.00771306
0.391994,0.0691647,0.00326966,0.00776979
0.393786,0.0679103,0.00259362,0.00781361
0.395578,0.068853,0.00382171,0.00784614
0.397371,0.0686224,0.00264528,0.00788066
0.399163,0.068528,0.00306392,0.00792152
0.400956,0.0665704,0.00246783,0.00797784
0.402748,0.0693998,0.00322719,0.00798383
0.40454,0.0750984,0.00340454,0.00802186
0.406333,0.0659686,0.0033118,0.00807209
0.408125,0.0646468,0.0027933,0.0081204
0.409918,0.06494,0.00336201,0.0081474
0.41171,0.0636845,0.00318301,0.00821059
0.413502,0.0657244,0.00273576,0.00822488
0.415295,0.0669229,0.00343061,0.0082654
0.417087,0.059582,0.00369686,0.00832822
0.41888,0.0684382,0.00307962,0.00832906
0.420672,0.062511,0.00363973,0.0083956
0.422464,0.0587442,0.00243811,0.00843955
0.424257,0.0641439,0.00315831,0.00848313
0.426049,0.0639397,0.00351368,0.0085317
0.427842,0.0617225,0.00298183,0.00854313
0.429634,0.0609175,0.00312723,0.00860988
0.431426,0.0674608,0.00428562,0.00861722
0.433219,0.0601484,0.00375159,0.00868798
0.435011,0.0649769,0.00309562,0.00871397
0.436804,0.0659902,0.00343775,0.00872951
0.438596,0.0679796,0.00339432,0.00877705
0.440388,0.0692288,0.00379016,0.00882399
0.442181,0.0629909,0.00328313,0.00888221
0.443973,0.0670791,0.00395976,0.00890672
0.445766,0.0667312,0.00304604,0.00894314
0.447558,0.0727478,0.00534444,0.0089821
0.44935,0.0568827,0.00346913,0.00902439
0.451143,0.0559684,0.00298689,0.00910958
0.452935,0.0710241,0.00380189,0.00909922
0.454728,0.0659465,0.00463225,0.00916219
0.45652,0.06033,0.00399557,0.00918643
0.458312,0.0708638,0.00408194,0.0092047
0.460105,0.0607071,0.00475672,0.00930026
0.461897,0.0600588,0.00472291,0.00931973
0.46369,0.0701783,0.00619183,0.00935499
0.465482,0.0651653,0.00389637,0.00939957
0.467274,0.0609242,0.00422712,0.00944545
0.469067,0.0640497,0.00476367,0.00946944
0.470859,0.0648651,0.00382125,0.00953216
0.472652,0.0690006,0.00484061,0.00955949
0.474444,0.067535,0.0051326,0.00959565
0.476236,0.0637212,0.00646139,0.00964208
0.478029,0.0600414,0.0048087,0.00968079
0.479821,0.0660094,0.00582197,0.00973634
0.481614,0.0579776,0.00589752,0.0097573
0.483406,0.065134,0.00601397,0.00981505
0.485198,0.0615726,0.00547221,0.00985615
0.486991,0.0530259,0.00626046,0.00990962
0.488783,0.0477918,0.00516096,0.009956
0.490576,0.0561293,0.00501373,0.00997611
0.492368,0.0706002,0.00731789,0.0100155
0.49416,0.0465835,0.00674533,0.0100619
0.495953,0.0512294,0.00750835,0.0101313
0.497745,0.0553429,0.00930018,0.010156
0.499538,0.0737108,0.00738938,0.0101402
0.50133,0.0581271,0.00904955,0.0102141
0.503122,0.0598328,0.0100272,0.0102413
0.504915,0.0327792,0.00630734,0.010291
0.506707,0.0582817,0.00897376,0.0103318
0.5085,0.0707367,0.0102353,0.01035
0.510292,0.0860251,0.0149824,0.0103934
0.512084,0.0517336,0.00904248,0.0104477
0.513877,0.0510748,0.0155876,0.0104852
0.515669,0.073587,0.0125288,0.0104984
0.517462,0.0631954,0.0170387,0.0105678
0.519254,0.0573749,0.017714,0.0105865
0.521046,0.0261196,0.00911611,0.0106587
0.522839,0.0612951,0.0194776,0.0106823
0.524631,0.0228076,0.0202966,0.010711
0.526424,0.0485155,0.0242747,0.0107357
0.528216,0.103002,0.0364698,0.0107632
0.530008,0.0243069,0.0171895,0.0107907
0.531801,0,0,0
0.533593,0,0,0
0.535386,0,0,0
0.537178,0,0,0
0.538971,0,0,0
