   1.6754500e-03   2.7625326e+02   6.1136735e+00
   1.8896400e-03   2.6872846e+02   2.4314978e+01
   2.1109900e-03   2.8476717e+02   6.5692699e+00
   2.3211500e-03   3.1655945e+02   6.1211360e+00
   2.5195000e-03   3.2229099e+02   6.1855901e+00
   2.7217000e-03   3.4371713e+02   5.8097161e+00
   2.9258300e-03   3.9478939e+02   5.5612821e+00
   3.1563400e-03   4.2516241e+02   5.1430397e+00
   3.4104500e-03   4.8757611e+02   5.3528748e+00
   3.6472300e-03   5.9755968e+02   5.9967236e+00
   3.8870600e-03   8.1933390e+02   6.5960020e+00
   4.1469400e-03   1.2904682e+03   7.9629391e+00
   4.4069800e-03   2.0134140e+03   9.5745215e+00
   4.6444900e-03   2.7353213e+03   1.1462093e+01
   4.8706100e-03   3.1628505e+03   1.1934861e+01
   5.1057500e-03   3.0753640e+03   1.1439807e+01
   5.3530400e-03   2.4393858e+03   9.7696437e+00
   5.5966100e-03   1.5758347e+03   8.2785728e+00
   5.8345500e-03   8.3801878e+02   6.4612475e+00
   6.0811000e-03   3.6249140e+02   5.0187655e+00
   6.3216200e-03   1.6079379e+02   3.7488891e+00
   6.5549900e-03   9.8037752e+01   2.8104506e+00
   6.8105800e-03   6.8251746e+01   2.0255047e+00
   7.0752600e-03   4.5882487e+01   1.5544823e+00
   7.3319500e-03   3.2673478e+01   1.1854769e+00
   7.5882600e-03   2.4830171e+01   9.8264540e-01
   7.8558300e-03   1.7822499e+01   7.8049976e-01
   8.1365400e-03   1.5525792e+01   7.0369304e-01
   8.4074200e-03   1.8280648e+01   6.8797987e-01
   8.6678900e-03   2.4130528e+01   7.3078481e-01
   8.9326200e-03   3.1859653e+01   7.3912422e-01
   9.1995700e-03   3.9435938e+01   7.7495537e-01
   9.4853100e-03   4.5332291e+01   7.4850076e-01
   9.7771600e-03   4.9077880e+01   7.9162567e-01
   1.0052240e-02   5.0440075e+01   7.7117212e-01
   1.0335640e-02   4.5114104e+01   7.4403277e-01
   1.0634370e-02   3.7804073e+01   6.6720195e-01
   1.0929760e-02   3.2019698e+01   6.2063899e-01
   1.1228420e-02   2.5161818e+01   5.3032880e-01
   1.1542740e-02   2.0022510e+01   4.7311020e-01
   1.1868300e-02   1.4971219e+01   4.0073270e-01
   1.2189430e-02   1.0082607e+01   3.5556226e-01
   1.2505470e-02   6.9709301e+00   3.0805242e-01
   1.2841970e-02   5.5555261e+00   2.7411101e-01
   1.3176900e-02   4.4429552e+00   2.4823836e-01
   1.3497670e-02   4.7854645e+00   2.4248621e-01
   1.3839450e-02   5.0750628e+00   2.3160926e-01
   1.4190870e-02   5.8608307e+00   2.3997167e-01
   1.4529120e-02   7.0124791e+00   2.4597808e-01
   1.4878620e-02   8.4029867e+00   2.5847483e-01
   1.5240940e-02   8.5525430e+00   2.5852289e-01
   1.5602760e-02   8.6992666e+00   2.6767582e-01
   1.5971010e-02   9.0209677e+00   2.7742702e-01
   1.6344510e-02   9.1407090e+00   2.9823165e-01
   1.6722360e-02   7.4620324e+00   2.9435660e-01
   1.7109060e-02   5.6632076e+00   2.9131004e-01
   1.7503280e-02   4.8136039e+00   2.8224558e-01
   1.7908600e-02   4.1394747e+00   2.7697481e-01
   1.8318500e-02   3.3019719e+00   2.6728299e-01
   1.8733110e-02   2.1959571e+00   2.7242065e-01
   1.9154870e-02   1.8505516e+00   2.7781216e-01
   1.9585540e-02   2.5152388e+00   2.9071648e-01
   2.0019450e-02   2.0012441e+00   3.2701514e-01
   2.0461180e-02   1.1252927e+00   3.7050423e-01
   2.0900680e-02   2.0740320e+00   4.7121607e-01
   2.1346990e-02   2.9860603e+00   7.1507972e-01
   2.1795150e-02   4.2413316e-01   6.3177060e-01
   2.2216240e-02   9.3945717e-01   1.0104583e+00
   2.2879510e-02   2.4505184e+00   4.7627013e-01
   2.3485010e-02   1.9978225e+00   4.5343895e-01
   2.4216160e-02   1.6231745e+00   1.4002200e-01
   2.5096540e-02   1.2322015e+00   1.0696938e-01
   2.6045090e-02   1.2738038e+00   9.2857015e-02
   2.6711510e-02   1.2319758e+00   9.7644503e-02
   2.7527290e-02   1.1141177e+00   1.1523504e-01
   2.8187590e-02   1.3238686e+00   1.1238438e-01
   2.9000150e-02   1.1450648e+00   7.4646335e-02
   2.9832620e-02   1.1306594e+00   7.6285800e-02
   3.0816970e-02   9.5606856e-01   6.1831317e-02
   3.1827950e-02   7.7887506e-01   5.2817525e-02
   3.2738700e-02   8.8723295e-01   5.8443809e-02
   3.3593040e-02   7.8313760e-01   6.6015988e-02
   3.4514040e-02   6.4626984e-01   4.9382074e-02
   3.5411000e-02   7.3643064e-01   5.6575878e-02
   3.6356090e-02   8.7013476e-01   5.5010390e-02
   3.7332310e-02   8.1816466e-01   4.9189128e-02
   3.8161240e-02   6.2334815e-01   4.9217328e-02
   3.9131930e-02   6.7572776e-01   4.8218182e-02
   4.0197670e-02   7.8654460e-01   3.6480230e-02
   4.1295310e-02   6.9665482e-01   4.2009681e-02
   4.2451430e-02   6.5471543e-01   4.0222161e-02
   4.3329290e-02   6.8761377e-01   4.0082287e-02
   4.4356570e-02   6.2016995e-01   4.1862259e-02
   4.5490640e-02   6.7056373e-01   3.6348139e-02
   4.6539940e-02   6.9170047e-01   3.3964108e-02
   4.7739790e-02   5.7234216e-01   3.6405441e-02
   4.8855780e-02   6.1605634e-01   2.9783071e-02
   5.0079820e-02   7.0907141e-01   3.7694664e-02
   5.1234360e-02   6.3527905e-01   3.1301076e-02
   5.2326850e-02   6.5337344e-01   3.4921708e-02
   5.3606730e-02   6.7908064e-01   3.4236893e-02
   5.4693080e-02   6.2180863e-01   3.1568296e-02
   5.5906400e-02   5.9899406e-01   3.4500401e-02
   5.7092350e-02   6.2478100e-01   2.8056865e-02
   5.8414640e-02   6.3306961e-01   2.9183904e-02
   5.9855830e-02   6.3282332e-01   2.5438337e-02
   6.1119040e-02   6.9193528e-01   2.8594065e-02
   6.2558330e-02   7.2148029e-01   2.5018505e-02
   6.3956820e-02   5.7009301e-01   2.6672459e-02
   6.5404820e-02   5.7850290e-01   2.5252213e-02
   6.6718320e-02   6.7227969e-01   2.6619054e-02
   6.8189410e-02   6.2768269e-01   2.5296980e-02
   6.9608410e-02   6.1670654e-01   2.4595599e-02
   7.1158760e-02   6.5472333e-01   2.3737362e-02
   7.2632630e-02   6.8500674e-01   2.3977744e-02
   7.4253800e-02   6.2748024e-01   2.2632450e-02
   7.5792820e-02   6.5530219e-01   2.4231110e-02
   7.7322130e-02   6.6473164e-01   2.2157130e-02
   7.9014940e-02   6.9178409e-01   2.2436976e-02
   8.0646420e-02   7.1778827e-01   2.1171122e-02
   8.2401040e-02   6.3807144e-01   2.1622540e-02
   8.4009420e-02   5.9255522e-01   2.0862667e-02
   8.5823400e-02   6.4663467e-01   2.0411134e-02
   8.7553840e-02   6.7510184e-01   2.0971894e-02
   8.9295010e-02   6.8491075e-01   1.9007552e-02
   9.1256960e-02   6.6889792e-01   1.9499508e-02
   9.3078990e-02   5.9886406e-01   1.8167601e-02
   9.4972640e-02   6.6545338e-01   1.8423747e-02
   9.7022820e-02   6.8384909e-01   1.7961698e-02
   9.8900030e-02   6.2108605e-01   1.7948346e-02
   1.0089824e-01   6.3191861e-01   1.7098278e-02
   1.0303930e-01   6.6031550e-01   1.7166550e-02
   1.0507738e-01   6.8960373e-01   1.6651875e-02
   1.0717934e-01   6.7051554e-01   1.6208364e-02
   1.0941200e-01   6.2305572e-01   1.5754477e-02
   1.1162340e-01   6.2017776e-01   1.5624778e-02
   1.1382312e-01   6.2481289e-01   1.5413791e-02
   1.1607089e-01   6.2905089e-01   1.4807128e-02
   1.1844149e-01   6.5013325e-01   1.4413863e-02
   1.2087743e-01   6.3680548e-01   1.3926868e-02
   1.2330765e-01   6.4894505e-01   1.4288683e-02
   1.2572900e-01   6.1561249e-01   1.3813892e-02
   1.2815056e-01   6.4763286e-01   1.3932693e-02
   1.3068144e-01   6.2614314e-01   1.2862603e-02
   1.3332634e-01   6.0526036e-01   1.2569111e-02
   1.3601779e-01   5.9850828e-01   1.2085087e-02
   1.3877273e-01   5.9928487e-01   1.2024544e-02
   1.4148502e-01   6.1380989e-01   1.2032196e-02
   1.4426427e-01   5.7185980e-01   1.1454241e-02
   1.4714975e-01   6.1641048e-01   1.1362660e-02
   1.5008529e-01   6.2161457e-01   1.1019446e-02
   1.5304758e-01   5.5619655e-01   1.0851962e-02
   1.5605228e-01   5.6618304e-01   1.0644794e-02
   1.5910615e-01   5.7763352e-01   1.0566905e-02
   1.6222369e-01   5.9889219e-01   1.0395439e-02
   1.6543020e-01   5.8445784e-01   1.0299403e-02
   1.6863570e-01   5.3740834e-01   1.0133677e-02
   1.7195510e-01   5.5693112e-01   9.9320819e-03
   1.7531594e-01   5.8231441e-01   9.9588118e-03
   1.7874997e-01   5.6176185e-01   9.7223744e-03
   1.8228869e-01   5.3125504e-01   9.7812756e-03
   1.8586483e-01   5.4219312e-01   9.7161011e-03
   1.8946825e-01   5.7664093e-01   9.8078469e-03
   1.9318112e-01   5.3753633e-01   9.5468791e-03
   1.9700157e-01   5.1603943e-01   9.4481576e-03
   2.0087179e-01   5.3124496e-01   9.5101244e-03
   2.0474106e-01   5.2794358e-01   9.5011434e-03
   2.0873007e-01   5.1576916e-01   9.2718935e-03
   2.1281803e-01   5.2920146e-01   9.3602921e-03
   2.1697460e-01   5.3782804e-01   9.1830098e-03
   2.2118369e-01   5.0985941e-01   9.1160987e-03
   2.2550402e-01   5.1147661e-01   9.0205020e-03
   2.2988880e-01   5.0818003e-01   8.9219029e-03
   2.3440879e-01   5.2456261e-01   8.8718894e-03
   2.3890197e-01   5.1155112e-01   8.9299652e-03
   2.4356861e-01   4.8494231e-01   8.6478562e-03
   2.4826601e-01   5.1954003e-01   8.7688968e-03
   2.5309229e-01   5.2041989e-01   8.4660603e-03
   2.5808542e-01   4.9911442e-01   8.5600149e-03
   2.6308571e-01   4.9565030e-01   8.4126993e-03
   2.6814156e-01   5.2715043e-01   8.4928157e-03
   2.7333208e-01   5.1951247e-01   8.3266829e-03
   2.7868227e-01   4.9286337e-01   8.1831521e-03
   2.8408707e-01   5.0383446e-01   8.1458989e-03
   2.8959550e-01   5.1118974e-01   8.2881968e-03
   2.9523554e-01   4.9103873e-01   8.4089414e-03
   3.0075697e-01   4.8992387e-01   9.4986864e-03
   3.0659067e-01   5.0664308e-01   1.0869178e-02
   3.1252503e-01   5.0705844e-01   1.2542416e-02
   3.1856867e-01   4.7190077e-01   1.5944834e-02
   3.2467652e-01   4.5285352e-01   6.5483536e-02
   3.3073855e-01   5.9998125e-01   1.2437153e-01
   3.3640511e-01   4.5686174e-01   3.1038970e-02
