   1.6754500e-03   2.7625326e+02   6.1136735e+00
   1.8896400e-03   2.6872846e+02   2.4314978e+01
   2.1109900e-03   2.7460771e+02   1.9786788e+01
   2.3211500e-03   3.0889971e+02   4.1114751e+00
   2.5195000e-03   3.2443889e+02   3.9420743e+00
   2.7217000e-03   3.4493525e+02   3.7554094e+00
   2.9258300e-03   3.8420980e+02   3.8830238e+00
   3.1563400e-03   4.1553957e+02   3.6009587e+00
   3.4104500e-03   4.8390001e+02   3.8427142e+00
   3.6472300e-03   6.0813416e+02   4.4638192e+00
   3.8870600e-03   8.6071459e+02   4.8440495e+00
   4.1469400e-03   1.3471928e+03   5.7308533e+00
   4.4069800e-03   2.0399925e+03   6.8365073e+00
   4.6444900e-03   2.6915953e+03   8.0889268e+00
   4.8706100e-03   3.0597602e+03   8.2805031e+00
   5.1057500e-03   2.9846766e+03   7.8960184e+00
   5.3530400e-03   2.4048188e+03   6.7564962e+00
   5.5966100e-03   1.6188946e+03   5.7485895e+00
   5.8345500e-03   9.0774884e+02   4.4030958e+00
   6.0811000e-03   4.1301252e+02   3.2879181e+00
   6.3216200e-03   1.7685965e+02   2.5701854e+00
   6.5549900e-03   8.9368498e+01   1.9409303e+00
   6.8105800e-03   5.6634539e+01   1.3853643e+00
   7.0752600e-03   3.9646566e+01   1.0929576e+00
   7.3319500e-03   2.9175826e+01   8.3828311e-01
   7.5882600e-03   2.2025412e+01   6.8104930e-01
   7.8558300e-03   1.6814924e+01   5.4756302e-01
   8.1365400e-03   1.5382234e+01   4.8581574e-01
   8.4074200e-03   1.8154949e+01   4.7711141e-01
   8.6678900e-03   2.4065795e+01   4.8577756e-01
   8.9326200e-03   3.1669210e+01   4.9824423e-01
   9.1995700e-03   3.8937940e+01   5.3398020e-01
   9.4853100e-03   4.5297950e+01   5.0879111e-01
   9.7771600e-03   4.8676420e+01   5.4094070e-01
   1.0052240e-02   4.9310955e+01   5.3308009e-01
   1.0335640e-02   4.4976826e+01   4.9680623e-01
   1.0634370e-02   3.8292181e+01   4.5184661e-01
   1.0929760e-02   3.2099662e+01   4.2836187e-01
   1.1228420e-02   2.5373735e+01   3.6731706e-01
   1.1542740e-02   2.0160651e+01   3.2690390e-01
   1.1868300e-02   1.4678311e+01   2.7894739e-01
   1.2189430e-02   1.0435281e+01   2.4821364e-01
   1.2505470e-02   7.0961341e+00   2.1401916e-01
   1.2841970e-02   5.5933184e+00   1.8408800e-01
   1.3176900e-02   4.4361747e+00   1.7140621e-01
   1.3497670e-02   4.8234911e+00   1.6736373e-01
   1.3839450e-02   4.9332318e+00   1.5557534e-01
   1.4190870e-02   6.0801093e+00   1.6294338e-01
   1.4529120e-02   6.9032062e+00   1.6926469e-01
   1.4878620e-02   8.2401803e+00   1.7567708e-01
   1.5240940e-02   8.4616636e+00   1.7687296e-01
   1.5602760e-02   8.9560378e+00   1.8221600e-01
   1.5971010e-02   8.9063825e+00   1.8892654e-01
   1.6344510e-02   8.8275709e+00   2.0508384e-01
   1.6722360e-02   7.4052622e+00   2.0201799e-01
   1.7109060e-02   5.9623182e+00   1.9884074e-01
   1.7503280e-02   4.8679168e+00   1.9498943e-01
   1.7908600e-02   4.0431489e+00   1.9104508e-01
   1.8318500e-02   3.1902543e+00   1.8400088e-01
   1.8733110e-02   2.4160228e+00   1.8680526e-01
   1.9154870e-02   2.0044274e+00   1.8915237e-01
   1.9585540e-02   2.2521571e+00   2.0213246e-01
   2.0019450e-02   1.8002010e+00   2.2937311e-01
   2.0461180e-02   1.7781414e+00   2.4378925e-01
   2.0900680e-02   1.7273387e+00   3.3349079e-01
   2.1346990e-02   2.3844760e+00   3.9291987e-01
   2.1795150e-02   8.4510514e-01   4.6382597e-01
   2.2216240e-02   1.4081983e+00   7.2192312e-01
   2.2879510e-02   1.6660092e+00   2.2680508e-01
   2.3485010e-02   1.9762320e+00   1.6298562e-01
   2.4216160e-02   1.6938681e+00   2.0339452e-01
   2.5096540e-02   1.3005275e+00   8.6138077e-02
   2.6045090e-02   1.2506328e+00   6.6287138e-02
   2.6711510e-02   1.2338385e+00   6.1444955e-02
   2.7527290e-02   1.1426197e+00   7.5220474e-02
   2.8187590e-02   1.2965513e+00   7.6842749e-02
   2.9000150e-02   1.1249398e+00   4.6094808e-02
   2.9832620e-02   1.1324514e+00   5.6488123e-02
   3.0816970e-02   9.5025852e-01   4.8653935e-02
   3.1827950e-02   8.2852794e-01   3.6320037e-02
   3.2738700e-02   8.4696931e-01   4.2933489e-02
   3.3593040e-02   7.5859077e-01   4.6775654e-02
   3.4514040e-02   7.0832047e-01   3.2138798e-02
   3.5411000e-02   7.4983205e-01   4.0014927e-02
   3.6356090e-02   8.0799135e-01   3.8495883e-02
   3.7332310e-02   7.8940649e-01   3.1885088e-02
   3.8161240e-02   6.8199825e-01   3.4089645e-02
   3.9131930e-02   6.9533450e-01   3.3955731e-02
   4.0197670e-02   7.4090711e-01   2.6961267e-02
   4.1295310e-02   7.0717652e-01   3.0103525e-02
   4.2451430e-02   6.6699158e-01   2.8064552e-02
   4.3329290e-02   6.7410220e-01   2.7502622e-02
   4.4356570e-02   6.4061548e-01   2.7735580e-02
   4.5490640e-02   6.6449665e-01   2.5744984e-02
   4.6539940e-02   6.6041114e-01   2.4157439e-02
   4.7739790e-02   6.0924061e-01   2.5826684e-02
   4.8855780e-02   6.2400114e-01   2.1379985e-02
   5.0079820e-02   6.7615907e-01   2.5754719e-02
   5.1234360e-02   6.4660727e-01   2.2427038e-02
   5.2326850e-02   6.6450440e-01   2.3083758e-02
   5.3606730e-02   6.5485237e-01   2.3144953e-02
   5.4693080e-02   6.2992676e-01   2.1173353e-02
   5.5906400e-02   6.1277777e-01   2.2824207e-02
   5.7092350e-02   6.1913509e-01   2.0139134e-02
   5.8414640e-02   6.2949535e-01   1.9671289e-02
   5.9855830e-02   6.5470108e-01   1.8420195e-02
   6.1119040e-02   6.7348947e-01   2.0460158e-02
   6.2558330e-02   6.8979982e-01   1.7618051e-02
   6.3956820e-02   6.0177366e-01   1.8308886e-02
   6.5404820e-02   6.0184862e-01   1.7537418e-02
   6.6718320e-02   6.4081881e-01   1.8072640e-02
   6.8189410e-02   6.2386801e-01   1.7259194e-02
   6.9608410e-02   6.4259140e-01   1.6782728e-02
   7.1158760e-02   6.3914027e-01   1.6604350e-02
   7.2632630e-02   6.7762286e-01   1.6651024e-02
   7.4253800e-02   6.3439504e-01   1.5227830e-02
   7.5792820e-02   6.6355406e-01   1.6884191e-02
   7.7322130e-02   6.6395922e-01   1.5036425e-02
   7.9014940e-02   6.9185363e-01   1.5394765e-02
   8.0646420e-02   6.9274457e-01   1.4612281e-02
   8.2401040e-02   6.4593448e-01   1.4904590e-02
   8.4009420e-02   6.1740144e-01   1.4253794e-02
   8.5823400e-02   6.4163727e-01   1.3489499e-02
   8.7553840e-02   6.7142358e-01   1.4767318e-02
   8.9295010e-02   6.7009346e-01   1.2856606e-02
   9.1256960e-02   6.6804360e-01   1.3180098e-02
   9.3078990e-02   6.2167070e-01   1.2933880e-02
   9.4972640e-02   6.5977794e-01   1.2280834e-02
   9.7022820e-02   6.6110702e-01   1.2282249e-02
   9.8900030e-02   6.3548039e-01   1.2509398e-02
   1.0089824e-01   6.4394225e-01   1.1418968e-02
   1.0303930e-01   6.5599040e-01   1.1703144e-02
   1.0507738e-01   6.7927233e-01   1.1608943e-02
   1.0717934e-01   6.6366247e-01   1.0998739e-02
   1.0941200e-01   6.3427330e-01   1.0732144e-02
   1.1162340e-01   6.2125909e-01   1.0668356e-02
   1.1382312e-01   6.2786268e-01   1.0440156e-02
   1.1607089e-01   6.2534491e-01   1.0107237e-02
   1.1844149e-01   6.5288695e-01   9.9173572e-03
   1.2087743e-01   6.2862841e-01   9.6461727e-03
   1.2330765e-01   6.5457773e-01   9.6785435e-03
   1.2572900e-01   6.1692954e-01   9.2861818e-03
   1.2815056e-01   6.4700074e-01   9.4111188e-03
   1.3068144e-01   6.1801064e-01   8.7636410e-03
   1.3332634e-01   6.1123692e-01   8.6672855e-03
   1.3601779e-01   6.0399059e-01   8.3202536e-03
   1.3877273e-01   5.9350796e-01   8.2043464e-03
   1.4148502e-01   6.1031028e-01   8.2333104e-03
   1.4426427e-01   5.8514439e-01   7.7743091e-03
   1.4714975e-01   6.1026393e-01   7.7691237e-03
   1.5008529e-01   6.0558604e-01   7.5850507e-03
   1.5304758e-01   5.6893630e-01   7.3670845e-03
   1.5605228e-01   5.7504781e-01   7.2042699e-03
   1.5910615e-01   5.7455313e-01   7.1883731e-03
   1.6222369e-01   5.9019631e-01   7.0554136e-03
   1.6543020e-01   5.7797722e-01   7.0179697e-03
   1.6863570e-01   5.5244839e-01   6.8754888e-03
   1.7195510e-01   5.6083122e-01   6.7092849e-03
   1.7531594e-01   5.6898677e-01   6.8141048e-03
   1.7874997e-01   5.5797416e-01   6.6429368e-03
   1.8228869e-01   5.4592241e-01   6.6256809e-03
   1.8586483e-01   5.4348810e-01   6.6223913e-03
   1.8946825e-01   5.6246103e-01   6.7023198e-03
   1.9318112e-01   5.3795922e-01   6.5120596e-03
   1.9700157e-01   5.2781755e-01   6.4036890e-03
   2.0087179e-01   5.2576852e-01   6.4999815e-03
   2.0474106e-01   5.2483674e-01   6.4584030e-03
   2.0873007e-01   5.2374576e-01   6.2651145e-03
   2.1281803e-01   5.2509367e-01   6.3733583e-03
   2.1697460e-01   5.3306503e-01   6.2656547e-03
   2.2118369e-01   5.1135406e-01   6.1808207e-03
   2.2550402e-01   5.1669939e-01   6.1561264e-03
   2.2988880e-01   5.0885200e-01   6.0467765e-03
   2.3440879e-01   5.1714326e-01   6.0518942e-03
   2.3890197e-01   5.1109890e-01   6.0617635e-03
   2.4356861e-01   4.9570658e-01   5.8320061e-03
   2.4826601e-01   5.1650519e-01   5.9931284e-03
   2.5309229e-01   5.0896188e-01   5.7808657e-03
   2.5808542e-01   5.0852948e-01   5.8022336e-03
   2.6308571e-01   5.0144581e-01   5.7220009e-03
   2.6814156e-01   5.1918063e-01   5.7650424e-03
   2.7333208e-01   5.1362984e-01   5.6543890e-03
   2.7868227e-01   5.0300606e-01   5.5576441e-03
   2.8408707e-01   5.0284499e-01   5.6246341e-03
   2.8959550e-01   5.0460852e-01   5.5880934e-03
   2.9523554e-01   4.9462260e-01   5.6026007e-03
   3.0075697e-01   4.9680617e-01   6.4129622e-03
   3.0659067e-01   5.0015604e-01   7.4140811e-03
   3.1252503e-01   4.9921929e-01   8.8649100e-03
   3.1856867e-01   4.5883018e-01   4.8567266e-02
   3.2467652e-01   4.5285352e-01   6.5483536e-02
   3.3073855e-01   5.9998125e-01   1.2437153e-01
   3.3640511e-01   4.5686174e-01   3.1038970e-02
