   1.6754500e-03   2.7625326e+02   6.1136735e+00
   1.8896400e-03   2.6872846e+02   2.4314978e+01
   2.1109900e-03   2.7460771e+02   1.9786788e+01
   2.3211500e-03   3.3419270e+02   2.0762097e+01
   2.5195000e-03   3.2026535e+02   2.1771073e+01
   2.7217000e-03   3.2334232e+02   2.1128456e+01
   2.9258300e-03   4.2571764e+02   1.8806860e+01
   3.1563400e-03   4.1771631e+02   1.5075982e+01
   3.4104500e-03   4.9605415e+02   1.6151388e+01
   3.6472300e-03   5.9292516e+02   1.9509114e+01
   3.8870600e-03   7.9329302e+02   2.0204116e+01
   4.1469400e-03   1.2458820e+03   2.2498968e+01
   4.4069800e-03   1.9921224e+03   3.0029002e+01
   4.6444900e-03   2.7922909e+03   3.9812860e+01
   4.8706100e-03   3.2049167e+03   4.2346003e+01
   5.1057500e-03   3.1701796e+03   3.6884608e+01
   5.3530400e-03   2.4415057e+03   3.1229431e+01
   5.5966100e-03   1.5434769e+03   2.7184239e+01
   5.8345500e-03   7.8794194e+02   2.0957527e+01
   6.0811000e-03   3.2965737e+02   1.5379139e+01
   6.3216200e-03   1.5797770e+02   1.2420886e+01
   6.5549900e-03   1.0207664e+02   9.1166872e+00
   6.8105800e-03   7.7938814e+01   6.0062123e+00
   7.0752600e-03   4.8062536e+01   4.6787455e+00
   7.3319500e-03   3.5111219e+01   3.9271120e+00
   7.5882600e-03   2.6916665e+01   3.1432536e+00
   7.8558300e-03   1.7623407e+01   2.3863914e+00
   8.1365400e-03   1.5873665e+01   2.1322450e+00
   8.4074200e-03   1.8342838e+01   2.2961102e+00
   8.6678900e-03   2.4105807e+01   2.4764058e+00
   8.9326200e-03   3.2026274e+01   2.5690238e+00
   9.1995700e-03   3.9517907e+01   2.5548755e+00
   9.4853100e-03   4.6006037e+01   2.3748575e+00
   9.7771600e-03   4.7811985e+01   2.6317663e+00
   1.0052240e-02   5.3000082e+01   2.7402504e+00
   1.0335640e-02   4.4667409e+01   2.4377830e+00
   1.0634370e-02   3.6504854e+01   2.1840583e+00
   1.0929760e-02   3.3627499e+01   2.0824613e+00
   1.1228420e-02   2.3514959e+01   1.7728090e+00
   1.1542740e-02   2.0836962e+01   1.4685343e+00
   1.1868300e-02   1.4835224e+01   1.2744022e+00
   1.2189430e-02   1.0125478e+01   1.1806956e+00
   1.2505470e-02   6.2283360e+00   1.0058103e+00
   1.2841970e-02   6.5227685e+00   8.4506161e-01
   1.3176900e-02   3.3246985e+00   8.3594964e-01
   1.3497670e-02   5.7525492e+00   8.1537843e-01
   1.3839450e-02   4.4500704e+00   7.3466699e-01
   1.4190870e-02   6.3511266e+00   7.8674558e-01
   1.4529120e-02   6.3065278e+00   8.5088995e-01
   1.4878620e-02   9.3473743e+00   8.4345745e-01
   1.5240940e-02   7.9258647e+00   8.5168054e-01
   1.5602760e-02   9.0525969e+00   8.7961186e-01
   1.5971010e-02   8.4487972e+00   9.2440883e-01
   1.6344510e-02   1.0055428e+01   9.9240697e-01
   1.6722360e-02   7.1461684e+00   9.8959360e-01
   1.7109060e-02   5.4220312e+00   9.6323486e-01
   1.7503280e-02   4.8794839e+00   9.2745740e-01
   1.7908600e-02   4.1429406e+00   8.9937465e-01
   1.8318500e-02   3.4476639e+00   8.8023718e-01
   1.8733110e-02   2.1872431e+00   8.9387384e-01
   1.9154870e-02   1.2182412e+00   9.0563838e-01
   1.9585540e-02   3.2955291e+00   9.6018241e-01
   2.0019450e-02   1.8641186e+00   1.0401538e+00
   2.0461180e-02   1.0205955e+00   1.1585361e+00
   2.0900680e-02   8.8899409e-01   1.5464096e+00
   2.1346990e-02   5.9794898e+00   2.1208989e+00
   2.1795150e-02  -2.8889581e+00   3.1025162e+00
   2.2216240e-02   2.1465529e+00   3.2071318e+00
   2.2879510e-02   2.6371156e+00   2.0639258e+00
   2.3485010e-02   1.7624458e+00   5.9182298e-01
   2.4216160e-02   1.8100599e+00   3.6084438e-01
   2.5096540e-02   1.0301730e+00   2.7418254e-01
   2.6045090e-02   1.3658346e+00   3.0425176e-01
   2.6711510e-02   1.3620937e+00   3.4712396e-01
   2.7527290e-02   7.0051361e-01   4.1827319e-01
   2.8187590e-02   1.8321723e+00   4.2682083e-01
   2.9000150e-02   8.2117013e-01   2.5707620e-01
   2.9832620e-02   1.3050436e+00   2.1905589e-01
   3.0816970e-02   9.5258283e-01   1.6896663e-01
   3.1827950e-02   6.3156142e-01   1.5548269e-01
   3.2738700e-02   1.0657644e+00   2.0397030e-01
   3.3593040e-02   7.4334518e-01   2.1526833e-01
   3.4514040e-02   5.8493644e-01   1.6966659e-01
   3.5411000e-02   7.4492941e-01   1.8025184e-01
   3.6356090e-02   8.8185741e-01   1.6740178e-01
   3.7332310e-02   9.3704360e-01   1.7436525e-01
   3.8161240e-02   4.6798410e-01   1.8242598e-01
   3.9131930e-02   6.7340160e-01   1.4553783e-01
   4.0197670e-02   8.6888829e-01   1.1497126e-01
   4.1295310e-02   6.6135887e-01   1.1281584e-01
   4.2451430e-02   5.9657286e-01   1.4038182e-01
   4.3329290e-02   8.0378405e-01   1.5862770e-01
   4.4356570e-02   5.3682477e-01   1.2541167e-01
   4.5490640e-02   6.8039970e-01   1.1863218e-01
   4.6539940e-02   7.6580186e-01   1.1146886e-01
   4.7739790e-02   4.9867992e-01   1.1028035e-01
   4.8855780e-02   5.9539553e-01   1.0184799e-01
   5.0079820e-02   8.1032869e-01   1.1093098e-01
   5.1234360e-02   5.3560283e-01   1.1752628e-01
   5.2326850e-02   6.8265291e-01   1.0923892e-01
   5.3606730e-02   7.0720418e-01   1.1112764e-01
   5.4693080e-02   5.9762614e-01   1.1621771e-01
   5.5906400e-02   5.8725180e-01   1.1339562e-01
   5.7092350e-02   6.3648367e-01   9.9245885e-02
   5.8414640e-02   6.3675247e-01   8.2140685e-02
   5.9855830e-02   6.2187927e-01   8.6334466e-02
   6.1119040e-02   6.5897472e-01   9.4232473e-02
   6.2558330e-02   8.3470793e-01   8.0286455e-02
   6.3956820e-02   4.7318036e-01   8.1928492e-02
   6.5404820e-02   5.5189950e-01   8.7705736e-02
   6.6718320e-02   7.6315603e-01   9.0206763e-02
   6.8189410e-02   5.6790461e-01   8.3732802e-02
   6.9608410e-02   6.4466029e-01   7.9884856e-02
   7.1158760e-02   6.0733570e-01   7.8787983e-02
   7.2632630e-02   7.7212748e-01   7.7305282e-02
   7.4253800e-02   5.3809789e-01   7.3458144e-02
   7.5792820e-02   7.1731530e-01   8.3960862e-02
   7.7322130e-02   6.3652590e-01   7.4665193e-02
   7.9014940e-02   6.8103818e-01   7.1301813e-02
   8.0646420e-02   7.6154494e-01   6.9120627e-02
   8.2401040e-02   6.2546896e-01   7.2858264e-02
   8.4009420e-02   5.5508812e-01   7.0090331e-02
   8.5823400e-02   6.6914445e-01   6.5901179e-02
   8.7553840e-02   6.8229941e-01   7.3350176e-02
   8.9295010e-02   6.5931880e-01   6.2409040e-02
   9.1256960e-02   7.4291795e-01   6.1194478e-02
   9.3078990e-02   4.9035332e-01   6.4204709e-02
   9.4972640e-02   7.1498885e-01   5.7469528e-02
   9.7022820e-02   7.1465936e-01   5.9570436e-02
   9.8900030e-02   5.6643009e-01   6.3282451e-02
   1.0089824e-01   6.5756747e-01   5.4554983e-02
   1.0303930e-01   6.3926691e-01   5.5471017e-02
   1.0507738e-01   7.1240820e-01   5.8114589e-02
   1.0717934e-01   6.7736267e-01   5.2688019e-02
   1.0941200e-01   6.0476273e-01   5.0415380e-02
   1.1162340e-01   6.2057442e-01   5.2600411e-02
   1.1382312e-01   6.4134094e-01   5.2787918e-02
   1.1607089e-01   5.9357503e-01   4.9262697e-02
   1.1844149e-01   7.0306039e-01   4.5991866e-02
   1.2087743e-01   5.7112372e-01   4.5425457e-02
   1.2330765e-01   7.3167738e-01   4.7174917e-02
   1.2572900e-01   5.2280043e-01   4.7867010e-02
   1.2815056e-01   7.2067878e-01   4.7019066e-02
   1.3068144e-01   5.9396078e-01   4.2570700e-02
   1.3332634e-01   6.0885752e-01   4.0547309e-02
   1.3601779e-01   6.1074713e-01   3.9225088e-02
   1.3877273e-01   5.6054570e-01   3.9923140e-02
   1.4148502e-01   6.8378624e-01   4.0764996e-02
   1.4426427e-01   4.9884209e-01   3.8090170e-02
   1.4714975e-01   6.4520893e-01   3.6875522e-02
   1.5008529e-01   6.5814312e-01   3.6499551e-02
   1.5304758e-01   4.9777442e-01   3.6048236e-02
   1.5605228e-01   6.0282137e-01   3.5514159e-02
   1.5910615e-01   5.5258866e-01   3.5231424e-02
   1.6222369e-01   6.1241708e-01   3.4337605e-02
   1.6543020e-01   6.0576595e-01   3.4356134e-02
   1.6863570e-01   5.0091889e-01   3.3825375e-02
   1.7195510e-01   5.6507259e-01   3.2937485e-02
   1.7531594e-01   5.9578534e-01   3.3156518e-02
   1.7874997e-01   5.6020812e-01   3.2189203e-02
   1.8228869e-01   5.2915013e-01   3.1985777e-02
   1.8586483e-01   5.1399690e-01   3.2711913e-02
   1.8946825e-01   6.2569026e-01   3.2879135e-02
   1.9318112e-01   5.1262845e-01   3.1432479e-02
   1.9700157e-01   5.1025920e-01   3.0869795e-02
   2.0087179e-01   5.4045314e-01   3.1883033e-02
   2.0474106e-01   5.3029989e-01   3.1937980e-02
   2.0873007e-01   5.0932030e-01   3.0772868e-02
   2.1281803e-01   5.2018446e-01   3.0803224e-02
   2.1697460e-01   5.6989840e-01   3.0749317e-02
   2.2118369e-01   4.7349369e-01   3.0333597e-02
   2.2550402e-01   5.3966000e-01   2.9965912e-02
   2.2988880e-01   4.8368087e-01   2.9348529e-02
   2.3440879e-01   5.3803639e-01   2.9684299e-02
   2.3890197e-01   5.2956019e-01   2.9743648e-02
   2.4356861e-01   4.3999975e-01   2.8917560e-02
   2.4826601e-01   5.5653494e-01   2.9225345e-02
   2.5309229e-01   5.0843895e-01   2.7985435e-02
   2.5808542e-01   5.0909778e-01   2.7944262e-02
   2.6308571e-01   4.6840192e-01   2.8444361e-02
   2.6814156e-01   5.5170974e-01   2.8488772e-02
   2.7333208e-01   5.2204541e-01   2.7533174e-02
   2.7868227e-01   4.7701345e-01   2.7034183e-02
   2.8408707e-01   5.0629648e-01   2.7161708e-02
   2.8959550e-01   5.2525204e-01   2.6705689e-02
   2.9523554e-01   4.7779920e-01   2.8097378e-02
   3.0075697e-01   4.9043645e-01   3.1661361e-02
   3.0659067e-01   5.0360636e-01   3.5263434e-02
   3.1252503e-01   5.2626287e-01   4.0648643e-02
   3.1856867e-01   4.5883018e-01   4.8567266e-02
   3.2467652e-01   4.5285352e-01   6.5483536e-02
   3.3073855e-01   5.9998125e-01   1.2437153e-01
   3.3640511e-01   4.5686174e-01   3.1038970e-02
