   2.7217200e-03   6.9213991e+02   3.6322460e+00
   3.1947400e-03   4.9639463e+02   9.3118429e+00
   3.6696500e-03   4.6779296e+02   5.8978773e+00
   4.1432700e-03   3.2437662e+02   4.8473439e+00
   4.5822600e-03   2.2806497e+02   4.6922485e+00
   4.9827300e-03   1.6293561e+02   3.7289657e+00
   5.4291200e-03   9.6392719e+01   2.3882908e+00
   5.8870600e-03   5.0144777e+01   1.9241737e+00
   6.3032300e-03   2.7421216e+01   1.6522691e+00
   6.7149800e-03   9.3082277e+00   1.2267585e+00
   7.1309000e-03   2.2816619e+00   8.6369349e-01
   7.5570400e-03  -7.6437210e-01   5.8213525e-01
   8.0015700e-03  -1.2477751e+00   4.0184379e-01
   8.4631300e-03   2.0581012e+00   3.4663197e-01
   8.9171100e-03   3.9153069e+00   3.6661451e-01
   9.3607800e-03   5.6780219e+00   3.9248492e-01
   9.7989800e-03   6.8890730e+00   4.2073456e-01
   1.0230600e-02   6.9497176e+00   4.3080464e-01
   1.0656500e-02   5.9423964e+00   4.0752244e-01
   1.1091960e-02   4.3663871e+00   3.2884760e-01
   1.1570290e-02   3.7489412e+00   2.6576712e-01
   1.2039530e-02   2.3144798e+00   2.6156865e-01
   1.2475540e-02   8.9306542e-01   2.4027844e-01
   1.2925000e-02   1.1826244e+00   2.0426816e-01
   1.3379170e-02   5.9622286e-01   1.6620923e-01
   1.3885090e-02   1.1190918e+00   1.2792301e-01
   1.4431810e-02   1.3219964e+00   1.1898207e-01
   1.4979470e-02   1.3285093e+00   1.2969977e-01
   1.5499650e-02   1.5782777e+00   1.5591299e-01
   1.5981840e-02   1.6862250e+00   1.6794281e-01
   1.6466130e-02   1.2669617e+00   1.5811819e-01
   1.6959760e-02   1.1361636e+00   1.4249772e-01
   1.7466020e-02   1.0286407e+00   1.2051088e-01
   1.8018950e-02   7.1204937e-01   9.8521781e-02
   1.8580540e-02   6.7796616e-01   9.9897650e-02
   1.9107700e-02   5.7494319e-01   1.0175527e-01
   1.9650390e-02   5.8424157e-01   8.8318567e-02
   2.0237060e-02   5.3187235e-01   7.9651182e-02
   2.0827130e-02   8.1658853e-01   8.5303767e-02
   2.1390100e-02   5.8127661e-01   8.6870107e-02
   2.1968180e-02   7.1925906e-01   8.2670789e-02
   2.2556530e-02   5.7998103e-01   8.3868476e-02
   2.3132000e-02   6.1957198e-01   8.3996281e-02
   2.3715830e-02   4.5928904e-01   8.0325335e-02
   2.4310450e-02   5.0752017e-01   7.7231861e-02
   2.4913840e-02   4.9813526e-01   7.0901029e-02
   2.5555250e-02   5.8590067e-01   6.6293484e-02
   2.6204000e-02   5.5345946e-01   6.6301418e-02
   2.6854130e-02   4.5948574e-01   6.4617147e-02
   2.7516240e-02   5.5235365e-01   6.4636131e-02
   2.8175240e-02   5.1456878e-01   6.1088258e-02
   2.8868320e-02   4.2567511e-01   5.5170704e-02
   2.9607990e-02   5.1116874e-01   5.4287973e-02
   3.0334410e-02   3.4756335e-01   6.0718483e-02
   3.1047270e-02   4.5675626e-01   6.8273317e-02
   3.1763680e-02   6.0536678e-01   7.4492337e-02
   3.2494230e-02   3.5682550e-01   7.6164904e-02
   3.3251100e-02   5.4595434e-01   8.1004237e-02
   3.4009260e-02   3.5862378e-01   8.7461718e-02
   3.4772870e-02   5.5452651e-01   9.1277071e-02
   3.5562360e-02   4.2422687e-01   9.3174848e-02
   3.6367870e-02   3.7993415e-01   1.0221652e-01
   3.7173640e-02   4.7231388e-01   1.1041422e-01
   3.8002500e-02   4.5741187e-01   1.2208919e-01
   3.8841600e-02   4.9453100e-01   1.3986112e-01
   3.9687370e-02   3.4712934e-01   1.7173945e-01
   4.0543830e-02   9.2658094e-01   2.5001477e-01
   4.1341710e-02  -2.2323599e-01   4.7963602e-01
   4.2099430e-02   7.1092707e-01   5.3444542e-01
   4.3572810e-02   4.3901266e-01   2.3068372e-01
   4.5044000e-02   4.7722659e-01   5.7856417e-02
   4.6446730e-02   3.9336343e-01   5.1904945e-02
   4.8135700e-02   4.8892145e-01   4.2064904e-02
   4.9955020e-02   3.7714948e-01   4.7033755e-02
   5.1233480e-02   4.2278519e-01   5.1138625e-02
   5.2879860e-02   4.0373227e-01   4.9601454e-02
   5.4432690e-02   4.3618021e-01   5.4867078e-02
   5.5918540e-02   4.5040339e-01   4.1878811e-02
   5.7600770e-02   4.2509314e-01   4.5269119e-02
   5.9168300e-02   4.1416440e-01   4.2532421e-02
   6.0994170e-02   3.8384237e-01   3.0487407e-02
   6.2786910e-02   4.5162097e-01   3.3929306e-02
   6.4587260e-02   3.8498050e-01   3.6332775e-02
   6.6351400e-02   4.7287296e-01   3.3152269e-02
   6.8111210e-02   4.3562312e-01   3.3432042e-02
   6.9991610e-02   3.7569516e-01   3.6042654e-02
   7.1713760e-02   4.5726195e-01   3.4601204e-02
   7.3474520e-02   4.0016006e-01   3.2818882e-02
   7.5415250e-02   4.2737595e-01   3.1380101e-02
   7.7313940e-02   4.2130974e-01   2.7068110e-02
   7.9345300e-02   4.4080712e-01   2.6678865e-02
   8.1486400e-02   3.7860441e-01   2.7847934e-02
   8.3324560e-02   4.5011509e-01   2.8826874e-02
   8.5412800e-02   3.9994395e-01   2.5948403e-02
   8.7591420e-02   4.2890549e-01   2.5791158e-02
   8.9558830e-02   4.2743698e-01   2.6982128e-02
   9.1804350e-02   4.4213517e-01   2.5198801e-02
   9.3880370e-02   3.8403787e-01   2.3821975e-02
   9.6176660e-02   4.5993698e-01   2.3759624e-02
   9.8450500e-02   4.0490463e-01   2.5267192e-02
   1.0051043e-01   4.4036270e-01   2.5364522e-02
   1.0294981e-01   4.0843537e-01   2.2878125e-02
   1.0512391e-01   4.4360066e-01   2.3831634e-02
   1.0755278e-01   4.2479628e-01   2.2464139e-02
   1.0990883e-01   4.0921343e-01   2.0849261e-02
   1.1244154e-01   4.2679430e-01   2.0066263e-02
   1.1499993e-01   4.2420147e-01   2.0032903e-02
   1.1750239e-01   4.2731842e-01   1.9896767e-02
   1.2020322e-01   4.3573088e-01   1.8421854e-02
   1.2282100e-01   4.0072509e-01   1.9137193e-02
   1.2554282e-01   4.1014730e-01   1.9569537e-02
   1.2810408e-01   4.3439015e-01   1.8692994e-02
   1.3102353e-01   4.1547029e-01   1.7933258e-02
   1.3370214e-01   4.4806607e-01   1.8560385e-02
   1.3663349e-01   3.9135906e-01   1.7233089e-02
   1.3946530e-01   4.3463825e-01   1.7276625e-02
   1.4251987e-01   4.1342870e-01   1.5851779e-02
   1.4553400e-01   4.3230136e-01   1.7086936e-02
   1.4856066e-01   4.0308948e-01   1.5264036e-02
   1.5183509e-01   4.1775160e-01   1.5916872e-02
   1.5484856e-01   4.2667572e-01   1.5207876e-02
   1.5828075e-01   4.3902302e-01   1.5018809e-02
   1.6140872e-01   3.9484960e-01   1.5396960e-02
   1.6482463e-01   4.2318950e-01   1.3678284e-02
   1.6831944e-01   4.1388825e-01   1.4609816e-02
   1.7164852e-01   4.2098925e-01   1.3898926e-02
   1.7532467e-01   4.1114526e-01   1.3765791e-02
   1.7876744e-01   4.2573704e-01   1.4377251e-02
   1.8241077e-01   4.2162522e-01   1.2167738e-02
   1.8639341e-01   4.1849413e-01   1.2315142e-02
   1.9008794e-01   4.2249316e-01   1.3689371e-02
   1.9382503e-01   4.1211882e-01   1.2216364e-02
   1.9793047e-01   4.0576419e-01   1.1468122e-02
   2.0196078e-01   4.1347763e-01   1.2376681e-02
   2.0589023e-01   4.3557032e-01   1.2062398e-02
   2.1010643e-01   4.2900517e-01   1.0842481e-02
   2.1447847e-01   4.0838575e-01   1.0864159e-02
   2.1877480e-01   4.0057054e-01   1.1507504e-02
   2.2302420e-01   4.3558218e-01   1.1149823e-02
   2.2751415e-01   4.0255097e-01   1.0279297e-02
   2.3214025e-01   4.3549736e-01   1.0123907e-02
   2.3680051e-01   4.0994327e-01   9.9836436e-03
   2.4155418e-01   4.0203785e-01   9.9594454e-03
   2.4631334e-01   4.1708820e-01   1.0152229e-02
   2.5109113e-01   4.1705577e-01   9.7744197e-03
   2.5611512e-01   4.0957919e-01   9.1004585e-03
   2.6127861e-01   4.2891167e-01   8.8748611e-03
   2.6654021e-01   4.0147165e-01   8.7565008e-03
   2.7185319e-01   4.2134446e-01   8.8645498e-03
   2.7719600e-01   4.0392538e-01   8.7096879e-03
   2.8267257e-01   4.3323946e-01   8.4278682e-03
   2.8829269e-01   4.0369040e-01   8.2520956e-03
   2.9397450e-01   4.1430717e-01   8.2185912e-03
   2.9975375e-01   4.2028309e-01   8.0024570e-03
   3.0567867e-01   4.0673383e-01   7.9569367e-03
   3.1163605e-01   4.1209062e-01   7.9847978e-03
   3.1774468e-01   4.2063382e-01   7.7820138e-03
   3.2400374e-01   4.0966078e-01   7.7636425e-03
   3.3031886e-01   4.0683996e-01   7.7171702e-03
   3.3679567e-01   4.1737789e-01   7.4805335e-03
   3.4347727e-01   4.2017109e-01   7.4344942e-03
   3.5025256e-01   4.0352249e-01   7.5505352e-03
   3.5711088e-01   4.1500246e-01   7.7004479e-03
   3.6402107e-01   4.0829925e-01   7.7246290e-03
   3.7111563e-01   4.0668666e-01   7.4405785e-03
   3.7844949e-01   4.1329820e-01   7.3784347e-03
   3.8585516e-01   4.1845228e-01   7.5190818e-03
   3.9336977e-01   3.9774487e-01   7.4392203e-03
   4.0105392e-01   4.1234582e-01   7.3640772e-03
   4.0888170e-01   4.1115631e-01   7.3888655e-03
   4.1685032e-01   4.0787833e-01   7.3246907e-03
   4.2495624e-01   4.2200631e-01   7.2438202e-03
   4.3328380e-01   3.9522456e-01   7.2157307e-03
   4.4165071e-01   4.0675168e-01   7.1694411e-03
   4.5031574e-01   4.2247596e-01   7.1083992e-03
   4.5900486e-01   4.0443092e-01   7.1173210e-03
   4.6796546e-01   3.9986999e-01   6.8962806e-03
   4.7711386e-01   4.1212798e-01   7.0329434e-03
   4.8626432e-01   4.1612348e-01   6.9383020e-03
   4.9580203e-01   4.0142613e-01   6.7154284e-03
   5.0549565e-01   4.0358271e-01   6.8232181e-03
   5.1522328e-01   4.2164115e-01   6.9553774e-03
   5.2508621e-01   4.0214797e-01   6.7991791e-03
   5.3530281e-01   4.0554749e-01   6.5654364e-03
   5.4573432e-01   4.0189674e-01   6.5349187e-03
   5.5633493e-01   4.0061594e-01   6.4787477e-03
   5.6715525e-01   4.0744577e-01   6.8444366e-03
   5.7784791e-01   4.1554448e-01   7.7744297e-03
   5.8906605e-01   3.9683817e-01   8.6875980e-03
   6.0047680e-01   3.9625822e-01   1.0128061e-02
   6.1204215e-01   4.2320126e-01   1.2331183e-02
   6.2369515e-01   3.9897952e-01   1.6992378e-02
   6.3518401e-01   3.8278718e-01   3.4868398e-02
   6.4574395e-01   4.1203095e-01   8.6865500e-03
