   2.7217200e-03   6.9213991e+02   3.6322460e+00
   3.1947400e-03   4.9639463e+02   9.3118429e+00
   3.6696500e-03   4.6779296e+02   5.8978773e+00
   4.1432700e-03   3.2603468e+02   1.3103550e+00
   4.5822600e-03   2.3563435e+02   9.8850559e-01
   4.9827300e-03   1.6211259e+02   7.8713143e-01
   5.4291200e-03   9.8545957e+01   5.5280139e-01
   5.8870600e-03   5.2731035e+01   4.5004170e-01
   6.3032300e-03   2.5989057e+01   3.3971503e-01
   6.7149800e-03   9.9538792e+00   2.4656318e-01
   7.1309000e-03   1.9471319e+00   1.8283260e-01
   7.5570400e-03  -1.2882860e+00   1.3101064e-01
   8.0015700e-03  -1.2104945e+00   9.5647102e-02
   8.4631300e-03   9.9107855e-01   8.1157592e-02
   8.9171100e-03   3.3625682e+00   7.9337547e-02
   9.3607800e-03   5.3454589e+00   7.9659640e-02
   9.7989800e-03   6.4634901e+00   8.2210978e-02
   1.0230600e-02   6.5710424e+00   8.0129130e-02
   1.0656500e-02   5.8587004e+00   7.5972864e-02
   1.1091960e-02   4.7046414e+00   6.7549877e-02
   1.1570290e-02   3.5174096e+00   5.7182621e-02
   1.2039530e-02   2.3153069e+00   5.2830145e-02
   1.2475540e-02   1.3776499e+00   4.4074045e-02
   1.2925000e-02   9.9231979e-01   3.8174724e-02
   1.3379170e-02   8.3673728e-01   3.4508839e-02
   1.3885090e-02   1.0339878e+00   3.0034980e-02
   1.4431810e-02   1.2289590e+00   2.9825764e-02
   1.4979470e-02   1.3984936e+00   2.9464026e-02
   1.5499650e-02   1.5221517e+00   3.1501573e-02
   1.5981840e-02   1.5241758e+00   3.1075836e-02
   1.6466130e-02   1.3541217e+00   2.9429682e-02
   1.6959760e-02   1.1584033e+00   2.7235099e-02
   1.7466020e-02   9.7418606e-01   2.5401126e-02
   1.8018950e-02   7.7832437e-01   2.1791826e-02
   1.8580540e-02   6.6568160e-01   2.0881128e-02
   1.9107700e-02   5.8762640e-01   2.0010187e-02
   1.9650390e-02   5.8600932e-01   1.8597367e-02
   2.0237060e-02   5.9982305e-01   1.7594651e-02
   2.0827130e-02   6.8504998e-01   1.7999588e-02
   2.1390100e-02   6.5871953e-01   1.7393501e-02
   2.1968180e-02   6.6959535e-01   1.6824558e-02
   2.2556530e-02   6.0751898e-01   1.6849129e-02
   2.3132000e-02   5.7677308e-01   1.6265669e-02
   2.3715830e-02   5.1041410e-01   1.5569795e-02
   2.4310450e-02   5.0747025e-01   1.5152145e-02
   2.4913840e-02   5.1744738e-01   1.4448256e-02
   2.5555250e-02   5.4584741e-01   1.3916667e-02
   2.6204000e-02   5.3828583e-01   1.3923853e-02
   2.6854130e-02   5.1483502e-01   1.3084780e-02
   2.7516240e-02   5.1519171e-01   1.3076624e-02
   2.8175240e-02   4.9996943e-01   1.2522378e-02
   2.8868320e-02   4.6401025e-01   1.2197017e-02
   2.9607990e-02   4.5312172e-01   1.2463451e-02
   3.0334410e-02   4.2793329e-01   1.2951034e-02
   3.1047270e-02   4.5948789e-01   1.3857185e-02
   3.1763680e-02   4.9874465e-01   1.5346695e-02
   3.2494230e-02   4.5618089e-01   1.5631280e-02
   3.3251100e-02   4.7617369e-01   1.6924198e-02
   3.4009260e-02   4.4197808e-01   1.7772260e-02
   3.4772870e-02   4.7340339e-01   1.8840579e-02
   3.5562360e-02   4.3847218e-01   1.9416917e-02
   3.6367870e-02   4.2702973e-01   2.1393698e-02
   3.7173640e-02   4.4627525e-01   2.2992637e-02
   3.8002500e-02   4.5053878e-01   2.5871765e-02
   3.8841600e-02   4.9488062e-01   3.0840365e-02
   3.9687370e-02   4.6097426e-01   4.5099972e-02
   4.0543830e-02   5.2081486e-01   4.0665840e-02
   4.1341710e-02   3.4846604e-01   5.7037569e-02
   4.2099430e-02   4.6191638e-01   1.1926935e-01
   4.3572810e-02   4.3388540e-01   2.3464546e-02
   4.5044000e-02   4.7570978e-01   1.8188093e-02
   4.6446730e-02   4.3361032e-01   2.7912000e-02
   4.8135700e-02   4.4562169e-01   1.2553542e-02
   4.9955020e-02   4.1129744e-01   9.8963040e-03
   5.1233480e-02   4.1441655e-01   9.3765699e-03
   5.2879860e-02   4.1348583e-01   1.1328346e-02
   5.4432690e-02   4.3132473e-01   1.1494971e-02
   5.5918540e-02   4.3654650e-01   7.5632613e-03
   5.7600770e-02   4.2531695e-01   9.9135893e-03
   5.9168300e-02   4.1546360e-01   9.8651287e-03
   6.0994170e-02   4.0471940e-01   6.6861606e-03
   6.2786910e-02   4.2262462e-01   8.1917034e-03
   6.4587260e-02   4.2068866e-01   8.4640047e-03
   6.6351400e-02   4.3908251e-01   6.6541389e-03
   6.8111210e-02   4.2961292e-01   7.5128767e-03
   6.9991610e-02   4.1432114e-01   7.9455623e-03
   7.1713760e-02   4.2304752e-01   6.3204003e-03
   7.3474520e-02   4.1613288e-01   7.0176618e-03
   7.5415250e-02   4.2500481e-01   7.1601879e-03
   7.7313940e-02   4.2173349e-01   5.5362229e-03
   7.9345300e-02   4.2518736e-01   6.7575396e-03
   8.1486400e-02   4.1065893e-01   5.7650461e-03
   8.3324560e-02   4.2150070e-01   5.7018945e-03
   8.5412800e-02   4.1508482e-01   6.1672135e-03
   8.7591420e-02   4.2601325e-01   5.2143512e-03
   8.9558830e-02   4.2453259e-01   5.8093213e-03
   9.1804350e-02   4.2799360e-01   5.4275249e-03
   9.3880370e-02   4.1643358e-01   4.9419794e-03
   9.6176660e-02   4.3126210e-01   5.5346636e-03
   9.8450500e-02   4.2246473e-01   4.7821626e-03
   1.0051043e-01   4.2924290e-01   5.3475582e-03
   1.0294981e-01   4.2302662e-01   4.6804488e-03
   1.0512391e-01   4.2944000e-01   4.8313469e-03
   1.0755278e-01   4.2389860e-01   4.7887257e-03
   1.0990883e-01   4.1977261e-01   4.2928761e-03
   1.1244154e-01   4.2232409e-01   4.5192528e-03
   1.1499993e-01   4.2548032e-01   4.1231751e-03
   1.1750239e-01   4.2671764e-01   4.3529879e-03
   1.2020322e-01   4.2392744e-01   3.9235718e-03
   1.2282100e-01   4.1444553e-01   4.0922768e-03
   1.2554282e-01   4.1526413e-01   3.9191197e-03
   1.2810408e-01   4.2394304e-01   3.9178537e-03
   1.3102353e-01   4.2401355e-01   3.7143270e-03
   1.3370214e-01   4.2808176e-01   3.8596746e-03
   1.3663349e-01   4.1529568e-01   3.4971330e-03
   1.3946530e-01   4.2231529e-01   3.6960909e-03
   1.4251987e-01   4.1846876e-01   3.2842878e-03
   1.4553400e-01   4.2138879e-01   3.6127599e-03
   1.4856066e-01   4.1434928e-01   3.1593216e-03
   1.5183509e-01   4.1973331e-01   3.3459784e-03
   1.5484856e-01   4.2282316e-01   3.1520412e-03
   1.5828075e-01   4.2478112e-01   3.1090196e-03
   1.6140872e-01   4.1407518e-01   3.1474311e-03
   1.6482463e-01   4.1659804e-01   2.8876987e-03
   1.6831944e-01   4.1507185e-01   3.0300990e-03
   1.7164852e-01   4.1815162e-01   2.8427666e-03
   1.7532467e-01   4.1723205e-01   2.8046865e-03
   1.7876744e-01   4.2102836e-01   2.8869591e-03
   1.8241077e-01   4.2132471e-01   2.6159718e-03
   1.8639341e-01   4.2028857e-01   2.6291703e-03
   1.9008794e-01   4.1790207e-01   2.6887103e-03
   1.9382503e-01   4.1304502e-01   2.5063269e-03
   1.9793047e-01   4.1187523e-01   2.4753465e-03
   2.0196078e-01   4.1771855e-01   2.4672858e-03
   2.0589023e-01   4.2549163e-01   2.4304289e-03
   2.1010643e-01   4.2309965e-01   2.3246008e-03
   2.1447847e-01   4.1556468e-01   2.2984231e-03
   2.1877480e-01   4.1136535e-01   2.2802411e-03
   2.2302420e-01   4.1913198e-01   2.2370602e-03
   2.2751415e-01   4.1672132e-01   2.1434111e-03
   2.3214025e-01   4.2123471e-01   2.1423897e-03
   2.3680051e-01   4.1337891e-01   2.0761843e-03
   2.4155418e-01   4.1055865e-01   2.0310182e-03
   2.4631334e-01   4.1222033e-01   2.0240996e-03
   2.5109113e-01   4.1530329e-01   1.9751831e-03
   2.5611512e-01   4.1518947e-01   1.9007331e-03
   2.6127861e-01   4.1800012e-01   1.8842211e-03
   2.6654021e-01   4.1179570e-01   1.8237515e-03
   2.7185319e-01   4.1538085e-01   1.8157540e-03
   2.7719600e-01   4.1315700e-01   1.7729015e-03
   2.8267257e-01   4.1892396e-01   1.7442523e-03
   2.8829269e-01   4.1338295e-01   1.7006751e-03
   2.9397450e-01   4.1438757e-01   1.6884456e-03
   2.9975375e-01   4.1400856e-01   1.6420975e-03
   3.0567867e-01   4.1242945e-01   1.6213046e-03
   3.1163605e-01   4.1324728e-01   1.6295297e-03
   3.1774468e-01   4.1427061e-01   1.5925459e-03
   3.2400374e-01   4.1214841e-01   1.5868316e-03
   3.3031886e-01   4.1189516e-01   1.5712193e-03
   3.3679567e-01   4.1405265e-01   1.5470528e-03
   3.4347727e-01   4.1491357e-01   1.5532470e-03
   3.5025256e-01   4.1092683e-01   1.5568703e-03
   3.5711088e-01   4.1085148e-01   1.5532030e-03
   3.6402107e-01   4.0909352e-01   1.5666444e-03
   3.7111563e-01   4.1010506e-01   1.5312137e-03
   3.7844949e-01   4.1131369e-01   1.5272113e-03
   3.8585516e-01   4.1173784e-01   1.5447421e-03
   3.9336977e-01   4.0731029e-01   1.5153005e-03
   4.0105392e-01   4.0905802e-01   1.5053148e-03
   4.0888170e-01   4.1058876e-01   1.5172495e-03
   4.1685032e-01   4.1100841e-01   1.4900716e-03
   4.2495624e-01   4.1148752e-01   1.4904331e-03
   4.3328380e-01   4.0630106e-01   1.4704722e-03
   4.4165071e-01   4.0867654e-01   1.4702707e-03
   4.5031574e-01   4.1135293e-01   1.4494029e-03
   4.5900486e-01   4.0808873e-01   1.4592120e-03
   4.6796546e-01   4.0651776e-01   1.4132342e-03
   4.7711386e-01   4.0878867e-01   1.4333563e-03
   4.8626432e-01   4.0990247e-01   1.4151818e-03
   4.9580203e-01   4.0755537e-01   1.3927329e-03
   5.0549565e-01   4.0779385e-01   1.3937586e-03
   5.1522328e-01   4.1102600e-01   1.3927227e-03
   5.2508621e-01   4.0710882e-01   1.3751921e-03
   5.3530281e-01   4.0492098e-01   1.3499428e-03
   5.4573432e-01   4.0239926e-01   1.3632766e-03
   5.5633493e-01   4.0381384e-01   1.3551181e-03
   5.6715525e-01   4.0641956e-01   1.3707795e-03
   5.7784791e-01   4.0716328e-01   1.5929236e-03
   5.8906605e-01   4.0359634e-01   1.8320379e-03
   6.0047680e-01   4.0422184e-01   1.7169800e-03
   6.1204215e-01   4.2320126e-01   1.2331183e-02
   6.2369515e-01   3.9897952e-01   1.6992378e-02
   6.3518401e-01   3.8278718e-01   3.4868398e-02
   6.4574395e-01   4.1203095e-01   8.6865500e-03
