   2.7217200e-03   1.9865528e+03   1.0977997e+01
   3.1947400e-03   1.9114642e+03   3.0256839e+01
   3.6696500e-03   1.9896018e+03   2.1352778e+01
   4.1432700e-03   1.4477152e+03   1.8388309e+01
   4.5822600e-03   1.0175637e+03   1.7957499e+01
   4.9827300e-03   6.6625465e+02   1.4098511e+01
   5.4291200e-03   3.5343462e+02   8.8215704e+00
   5.8870600e-03   2.1047234e+02   6.9625023e+00
   6.3032300e-03   9.2371710e+01   5.8811591e+00
   6.7149800e-03   4.4489258e+01   4.3357543e+00
   7.1309000e-03   1.2912785e+01   3.0424582e+00
   7.5570400e-03  -1.7454717e+00   2.0248775e+00
   8.0015700e-03  -1.2669283e+00   1.3551661e+00
   8.4631300e-03   2.4321887e+00   1.0808822e+00
   8.9171100e-03   1.0022880e+01   1.0982285e+00
   9.3607800e-03   1.6303373e+01   1.1731687e+00
   9.7989800e-03   2.1574470e+01   1.2652783e+00
   1.0230600e-02   1.8693543e+01   1.3039415e+00
   1.0656500e-02   2.2122461e+01   1.2619409e+00
   1.1091960e-02   1.6260879e+01   1.0259908e+00
   1.1570290e-02   1.0541464e+01   8.1386890e-01
   1.2039530e-02   7.3694400e+00   7.8979381e-01
   1.2475540e-02   4.2599838e+00   7.1295916e-01
   1.2925000e-02   2.0360015e+00   5.7941102e-01
   1.3379170e-02   1.9421808e+00   4.5713091e-01
   1.3885090e-02   1.9270407e+00   3.4470410e-01
   1.4431810e-02   3.7970257e+00   3.2855531e-01
   1.4979470e-02   3.9503752e+00   3.6440937e-01
   1.5499650e-02   5.0634261e+00   4.4167500e-01
   1.5981840e-02   4.5293091e+00   4.7547425e-01
   1.6466130e-02   4.2530503e+00   4.4717611e-01
   1.6959760e-02   3.1152057e+00   3.9935115e-01
   1.7466020e-02   3.0377825e+00   3.3009079e-01
   1.8018950e-02   1.8768861e+00   2.5901181e-01
   1.8580540e-02   1.5705138e+00   2.4766944e-01
   1.9107700e-02   7.4073470e-01   2.3779293e-01
   1.9650390e-02   1.1528323e+00   2.0082705e-01
   2.0237060e-02   1.0709742e+00   1.7899503e-01
   2.0827130e-02   1.2788490e+00   1.8972345e-01
   2.1390100e-02   1.2319821e+00   1.9506586e-01
   2.1968180e-02   1.3239813e+00   1.8355554e-01
   2.2556530e-02   1.0347622e+00   1.8301252e-01
   2.3132000e-02   1.0828487e+00   1.8153555e-01
   2.3715830e-02   7.5133925e-01   1.7087642e-01
   2.4310450e-02   9.5692683e-01   1.6394039e-01
   2.4913840e-02   9.3683277e-01   1.4960000e-01
   2.5555250e-02   7.6223454e-01   1.3593597e-01
   2.6204000e-02   7.7572171e-01   1.3559452e-01
   2.6854130e-02   9.4347230e-01   1.3345886e-01
   2.7516240e-02   8.3907976e-01   1.3208807e-01
   2.8175240e-02   8.5584700e-01   1.2285755e-01
   2.8868320e-02   4.7817641e-01   1.0763960e-01
   2.9607990e-02   7.2661825e-01   1.0626644e-01
   3.0334410e-02   7.0781202e-01   1.1926370e-01
   3.1047270e-02   6.1713635e-01   1.3099553e-01
   3.1763680e-02   6.1471978e-01   1.3957580e-01
   3.2494230e-02   4.0422827e-01   1.4385254e-01
   3.3251100e-02   1.0055477e+00   1.5569770e-01
   3.4009260e-02   4.3664680e-01   1.6474572e-01
   3.4772870e-02   6.3893427e-01   1.6992025e-01
   3.5562360e-02   4.3018879e-01   1.7419405e-01
   3.6367870e-02   8.2808792e-01   1.9357440e-01
   3.7173640e-02   2.7996419e-01   2.0762621e-01
   3.8002500e-02   1.1127738e+00   2.3228972e-01
   3.8841600e-02   1.5635511e-01   2.5316997e-01
   3.9687370e-02   8.1767304e-01   3.0458110e-01
   4.0543830e-02   2.8493405e-01   4.4910616e-01
   4.1341710e-02   5.8886860e-02   1.0495928e+00
   4.2099430e-02   1.7674022e+00   1.2696719e+00
   4.3572810e-02  -1.8883781e-01   5.4497673e-01
   4.5044000e-02   6.1268061e-01   1.0364949e-01
   4.6446730e-02   4.4613328e-01   9.5133392e-02
   4.8135700e-02   5.6092222e-01   7.8280800e-02
   4.9955020e-02   5.8967653e-01   8.9617972e-02
   5.1233480e-02   4.0188015e-01   9.7367493e-02
   5.2879860e-02   6.7719022e-01   9.5033376e-02
   5.4432690e-02   3.5815452e-01   1.0303745e-01
   5.5918540e-02   6.8397234e-01   7.9070753e-02
   5.7600770e-02   4.2173669e-01   8.4929697e-02
   5.9168300e-02   5.2585515e-01   8.0266285e-02
   6.0994170e-02   5.6564802e-01   5.7676113e-02
   6.2786910e-02   3.9208100e-01   6.3231580e-02
   6.4587260e-02   6.0585349e-01   6.8724679e-02
   6.6351400e-02   4.3624266e-01   6.2348320e-02
   6.8111210e-02   6.5143924e-01   6.3732097e-02
   6.9991610e-02   4.4468826e-01   6.8265851e-02
   7.1713760e-02   5.1751013e-01   6.5228683e-02
   7.3474520e-02   5.5318321e-01   6.1932425e-02
   7.5415250e-02   4.6153589e-01   5.8671569e-02
   7.7313940e-02   5.4515554e-01   5.0546202e-02
   7.9345300e-02   4.8091161e-01   4.9560770e-02
   8.1486400e-02   4.7732879e-01   5.1970954e-02
   8.3324560e-02   5.3251985e-01   5.3848218e-02
   8.5412800e-02   4.7433484e-01   4.8589219e-02
   8.7591420e-02   6.1049381e-01   4.8304100e-02
   8.9558830e-02   3.8470824e-01   4.9748917e-02
   9.1804350e-02   5.2540388e-01   4.6960432e-02
   9.3880370e-02   5.5263050e-01   4.4908897e-02
   9.6176660e-02   5.0145579e-01   4.4457267e-02
   9.8450500e-02   5.0661488e-01   4.7308967e-02
   1.0051043e-01   5.4629960e-01   4.7393461e-02
   1.0294981e-01   4.2868875e-01   4.2494097e-02
   1.0512391e-01   5.5051870e-01   4.4533785e-02
   1.0755278e-01   5.3945975e-01   4.2183148e-02
   1.0990883e-01   5.1590387e-01   3.8989196e-02
   1.1244154e-01   4.4602295e-01   3.7139831e-02
   1.1499993e-01   5.1668557e-01   3.7255886e-02
   1.1750239e-01   5.2628312e-01   3.7154157e-02
   1.2020322e-01   4.8764500e-01   3.4437857e-02
   1.2282100e-01   5.3581230e-01   3.6007065e-02
   1.2554282e-01   4.9958229e-01   3.6635591e-02
   1.2810408e-01   4.6543471e-01   3.4764660e-02
   1.3102353e-01   5.6721704e-01   3.3475011e-02
   1.3370214e-01   4.4789750e-01   3.4418816e-02
   1.3663349e-01   5.4172399e-01   3.2151445e-02
   1.3946530e-01   4.8091988e-01   3.2030579e-02
   1.4251987e-01   4.6714963e-01   2.9329332e-02
   1.4553400e-01   5.3698400e-01   3.1702685e-02
   1.4856066e-01   4.5107647e-01   2.8314792e-02
   1.5183509e-01   5.3111501e-01   2.9607825e-02
   1.5484856e-01   5.0298002e-01   2.8149181e-02
   1.5828075e-01   4.8092471e-01   2.7592868e-02
   1.6140872e-01   4.6632080e-01   2.8315528e-02
   1.6482463e-01   4.7718056e-01   2.5210725e-02
   1.6831944e-01   5.1480684e-01   2.7035133e-02
   1.7164852e-01   4.8897051e-01   2.5662987e-02
   1.7532467e-01   4.7028899e-01   2.5345566e-02
   1.7876744e-01   5.1372076e-01   2.6451511e-02
   1.8241077e-01   4.5987866e-01   2.2305517e-02
   1.8639341e-01   5.0615906e-01   2.2619472e-02
   1.9008794e-01   4.6926257e-01   2.5098903e-02
   1.9382503e-01   4.8382580e-01   2.2429201e-02
   1.9793047e-01   4.6679962e-01   2.1103613e-02
   2.0196078e-01   5.0521590e-01   2.2815199e-02
   2.0589023e-01   5.2226123e-01   2.2135519e-02
   2.1010643e-01   4.3303623e-01   1.9707322e-02
   2.1447847e-01   4.7404245e-01   1.9833678e-02
   2.1877480e-01   5.0762731e-01   2.1100074e-02
   2.2302420e-01   4.5918169e-01   2.0312571e-02
   2.2751415e-01   4.6685815e-01   1.8738296e-02
   2.3214025e-01   5.0363770e-01   1.8459425e-02
   2.3680051e-01   4.4783176e-01   1.8187535e-02
   2.4155418e-01   4.7305139e-01   1.8199843e-02
   2.4631334e-01   4.7695667e-01   1.8576103e-02
   2.5109113e-01   4.8928976e-01   1.7890437e-02
   2.5611512e-01   4.8146696e-01   1.6604526e-02
   2.6127861e-01   4.3808928e-01   1.6110158e-02
   2.6654021e-01   5.0236379e-01   1.5971982e-02
   2.7185319e-01   4.5528222e-01   1.6116749e-02
   2.7719600e-01   4.7466682e-01   1.5826704e-02
   2.8267257e-01   4.5855169e-01   1.5280243e-02
   2.8829269e-01   4.6831516e-01   1.5024085e-02
   2.9397450e-01   5.0158391e-01   1.4988429e-02
   2.9975375e-01   4.2995959e-01   1.4527714e-02
   3.0567867e-01   4.9994614e-01   1.4499151e-02
   3.1163605e-01   4.5456096e-01   1.4503797e-02
   3.1774468e-01   4.6727686e-01   1.4110966e-02
   3.2400374e-01   4.5951459e-01   1.4088883e-02
   3.3031886e-01   4.7029278e-01   1.4024377e-02
   3.3679567e-01   4.7437647e-01   1.3573567e-02
   3.4347727e-01   4.4468922e-01   1.3473721e-02
   3.5025256e-01   4.9492638e-01   1.3745966e-02
   3.5711088e-01   4.3993623e-01   1.3992323e-02
   3.6402107e-01   4.9033185e-01   1.4062184e-02
   3.7111563e-01   4.4467579e-01   1.3513890e-02
   3.7844949e-01   4.7197303e-01   1.3397993e-02
   3.8585516e-01   4.5650403e-01   1.3661298e-02
   3.9336977e-01   4.8033422e-01   1.3565926e-02
   4.0105392e-01   4.7048541e-01   1.3386611e-02
   4.0888170e-01   4.2815634e-01   1.3377623e-02
   4.1685032e-01   4.9887329e-01   1.3300903e-02
   4.2495624e-01   4.3054627e-01   1.3120008e-02
   4.3328380e-01   4.7973031e-01   1.3141534e-02
   4.4165071e-01   4.6766216e-01   1.3046085e-02
   4.5031574e-01   4.6125442e-01   1.2880009e-02
   4.5900486e-01   4.4231251e-01   1.2904079e-02
   4.6796546e-01   4.7661823e-01   1.2545169e-02
   4.7711386e-01   4.5522530e-01   1.2768453e-02
   4.8626432e-01   4.5399345e-01   1.2594783e-02
   4.9580203e-01   4.7519846e-01   1.2237297e-02
   5.0549565e-01   4.5631082e-01   1.2422951e-02
   5.1522328e-01   4.5493259e-01   1.2653581e-02
   5.2508621e-01   4.8956412e-01   1.2413596e-02
   5.3530281e-01   4.3618039e-01   1.1961022e-02
   5.4573432e-01   4.7250952e-01   1.1926091e-02
   5.5633493e-01   4.5265179e-01   1.1808633e-02
   5.6715525e-01   4.5260499e-01   1.2464431e-02
   5.7784791e-01   4.8511266e-01   1.4167478e-02
   5.8906605e-01   4.3743619e-01   1.5816301e-02
   6.0047680e-01   4.5792257e-01   1.8462636e-02
   6.1204215e-01   4.6110026e-01   2.2533982e-02
   6.2369515e-01   5.0237242e-01   3.1137833e-02
   6.3518401e-01   3.9555325e-01   6.3697720e-02
   6.4574395e-01   4.7278372e-01   1.5893410e-02
