   2.7217200e-03   1.5673059e+03   9.1755021e+00
   3.1947400e-03   2.0350068e+03   2.9036299e+01
   3.6696500e-03   2.6981927e+03   2.4711910e+01
   4.1432700e-03   2.3688123e+03   5.7543319e+00
   4.5822600e-03   1.9004704e+03   5.0782773e+00
   4.9827300e-03   1.3045430e+03   4.1002372e+00
   5.4291200e-03   6.9505164e+02   2.7785757e+00
   5.8870600e-03   2.9178031e+02   2.1659894e+00
   6.3032300e-03   1.0040663e+02   1.5640686e+00
   6.7149800e-03   2.8622684e+01   1.0874995e+00
   7.1309000e-03   5.7733177e+00   7.9274135e-01
   7.5570400e-03  -3.7843277e+00   5.5143478e-01
   8.0015700e-03  -4.9915547e+00   3.8815446e-01
   8.4631300e-03  -4.7351516e-02   2.9941578e-01
   8.9171100e-03   9.9411931e+00   2.7845225e-01
   9.3607800e-03   1.8639818e+01   2.7402327e-01
   9.7989800e-03   2.5064132e+01   2.8377584e-01
   1.0230600e-02   2.6202431e+01   2.7669897e-01
   1.0656500e-02   2.4128616e+01   2.6447635e-01
   1.1091960e-02   2.0133215e+01   2.3789232e-01
   1.1570290e-02   1.5357055e+01   2.0059416e-01
   1.2039530e-02   1.0541921e+01   1.8552492e-01
   1.2475540e-02   6.3183783e+00   1.5171113e-01
   1.2925000e-02   4.0002025e+00   1.2751213e-01
   1.3379170e-02   2.9929370e+00   1.1265327e-01
   1.3885090e-02   2.8688239e+00   9.2566607e-02
   1.4431810e-02   4.0290154e+00   9.3781691e-02
   1.4979470e-02   5.1536476e+00   9.4479773e-02
   1.5499650e-02   6.2063447e+00   1.0309789e-01
   1.5981840e-02   6.0991939e+00   1.0140341e-01
   1.6466130e-02   5.6549901e+00   9.6637672e-02
   1.6959760e-02   4.8774712e+00   8.9939272e-02
   1.7466020e-02   3.8820004e+00   8.0830192e-02
   1.8018950e-02   2.8170711e+00   6.6822695e-02
   1.8580540e-02   1.8024965e+00   5.9092907e-02
   1.9107700e-02   1.4171155e+00   5.3860511e-02
   1.9650390e-02   1.2720229e+00   4.7788303e-02
   2.0237060e-02   1.3362991e+00   4.4243322e-02
   2.0827130e-02   1.5366902e+00   4.4810402e-02
   2.1390100e-02   1.5465995e+00   4.3645175e-02
   2.1968180e-02   1.5023326e+00   4.1072201e-02
   2.2556530e-02   1.4186764e+00   4.0791336e-02
   2.3132000e-02   1.2214654e+00   3.8625130e-02
   2.3715830e-02   1.1013154e+00   3.6419811e-02
   2.4310450e-02   9.0964394e-01   3.3729791e-02
   2.4913840e-02   9.8852534e-01   3.2914416e-02
   2.5555250e-02   1.0594623e+00   3.1589928e-02
   2.6204000e-02   9.9150280e-01   3.0608897e-02
   2.6854130e-02   1.0152279e+00   2.9319318e-02
   2.7516240e-02   1.0269988e+00   2.9257802e-02
   2.8175240e-02   8.8577130e-01   2.7038460e-02
   2.8868320e-02   8.4813309e-01   2.6102577e-02
   2.9607990e-02   7.4200770e-01   2.5837500e-02
   3.0334410e-02   7.7920340e-01   2.7248933e-02
   3.1047270e-02   7.0288181e-01   2.8213987e-02
   3.1763680e-02   6.6781279e-01   3.0065348e-02
   3.2494230e-02   6.2527628e-01   3.0559726e-02
   3.3251100e-02   7.0256589e-01   3.3391451e-02
   3.4009260e-02   6.9000444e-01   3.5316366e-02
   3.4772870e-02   6.3434722e-01   3.6173465e-02
   3.5562360e-02   6.1762122e-01   3.7877936e-02
   3.6367870e-02   6.6573385e-01   4.2201387e-02
   3.7173640e-02   6.5035838e-01   4.4798566e-02
   3.8002500e-02   6.8785509e-01   5.0345500e-02
   3.8841600e-02   6.2687440e-01   6.1529976e-02
   3.9687370e-02   6.7899209e-01   7.5629783e-02
   4.0543830e-02   6.0043125e-01   7.3973176e-02
   4.1341710e-02   7.0676370e-01   1.2395250e-01
   4.2099430e-02   3.5140121e-01   1.6994237e-01
   4.3572810e-02   5.7695034e-01   4.4353514e-02
   4.5044000e-02   5.6759562e-01   3.8340628e-02
   4.6446730e-02   5.3809704e-01   4.2249617e-02
   4.8135700e-02   5.2604614e-01   2.3758445e-02
   4.9955020e-02   5.6187345e-01   1.9428678e-02
   5.1233480e-02   5.6114418e-01   1.8274226e-02
   5.2879860e-02   5.7883325e-01   2.2351799e-02
   5.4432690e-02   4.9567996e-01   2.1643448e-02
   5.5918540e-02   5.1767278e-01   1.4374165e-02
   5.7600770e-02   5.5710495e-01   1.9389874e-02
   5.9168300e-02   5.7010692e-01   1.9359231e-02
   6.0994170e-02   5.6613900e-01   1.3201008e-02
   6.2786910e-02   5.1300648e-01   1.5707245e-02
   6.4587260e-02   5.3784618e-01   1.6416307e-02
   6.6351400e-02   5.3685771e-01   1.2697544e-02
   6.8111210e-02   6.0137359e-01   1.4877165e-02
   6.9991610e-02   5.3574045e-01   1.5403405e-02
   7.1713760e-02   5.1346187e-01   1.1988801e-02
   7.3474520e-02   4.9900022e-01   1.3382143e-02
   7.5415250e-02   5.2914206e-01   1.3753772e-02
   7.7313940e-02   5.4379689e-01   1.0671467e-02
   7.9345300e-02   5.5216668e-01   1.3136616e-02
   8.1486400e-02   5.3947576e-01   1.1238915e-02
   8.3324560e-02   5.3769237e-01   1.0991285e-02
   8.5412800e-02   5.7452408e-01   1.2196520e-02
   8.7591420e-02   5.6350436e-01   1.0246146e-02
   8.9558830e-02   5.4329848e-01   1.1206272e-02
   9.1804350e-02   5.2412240e-01   1.0426425e-02
   9.3880370e-02   5.6828403e-01   9.7635771e-03
   9.6176660e-02   5.4098520e-01   1.0657560e-02
   9.8450500e-02   5.5677014e-01   9.3020080e-03
   1.0051043e-01   5.3297293e-01   1.0276432e-02
   1.0294981e-01   5.5492090e-01   9.1127933e-03
   1.0512391e-01   5.3375174e-01   9.2758491e-03
   1.0755278e-01   5.3557851e-01   9.1910485e-03
   1.0990883e-01   5.4265134e-01   8.3378493e-03
   1.1244154e-01   5.5303386e-01   8.7571269e-03
   1.1499993e-01   5.3638482e-01   7.9148272e-03
   1.1750239e-01   5.3989715e-01   8.4009390e-03
   1.2020322e-01   5.1282970e-01   7.4553068e-03
   1.2282100e-01   5.2550270e-01   7.8562491e-03
   1.2554282e-01   5.4411173e-01   7.5848890e-03
   1.2810408e-01   5.3145428e-01   7.4967189e-03
   1.3102353e-01   5.2388960e-01   7.0815918e-03
   1.3370214e-01   5.0531203e-01   7.2563550e-03
   1.3663349e-01   5.4204927e-01   6.7688673e-03
   1.3946530e-01   5.2608282e-01   7.0555623e-03
   1.4251987e-01   5.1137977e-01   6.1952704e-03
   1.4553400e-01   5.1911289e-01   6.8777537e-03
   1.4856066e-01   5.2427115e-01   6.0416057e-03
   1.5183509e-01   5.0635641e-01   6.3038268e-03
   1.5484856e-01   5.1660188e-01   5.9660500e-03
   1.5828075e-01   5.1004962e-01   5.8481541e-03
   1.6140872e-01   5.1810659e-01   5.9813108e-03
   1.6482463e-01   5.1311792e-01   5.4632663e-03
   1.6831944e-01   5.0112717e-01   5.6854717e-03
   1.7164852e-01   5.0807813e-01   5.3503301e-03
   1.7532467e-01   4.9809805e-01   5.2487366e-03
   1.7876744e-01   5.0179011e-01   5.3884392e-03
   1.8241077e-01   4.8974592e-01   4.8501825e-03
   1.8639341e-01   4.9631028e-01   4.9026365e-03
   1.9008794e-01   4.9489082e-01   4.9933519e-03
   1.9382503e-01   4.9383910e-01   4.6542568e-03
   1.9793047e-01   5.0120983e-01   4.6274380e-03
   2.0196078e-01   4.7935827e-01   4.5359076e-03
   2.0589023e-01   4.8185648e-01   4.4544075e-03
   2.1010643e-01   4.7792222e-01   4.2565613e-03
   2.1447847e-01   4.8171926e-01   4.2217323e-03
   2.1877480e-01   4.8183291e-01   4.1931801e-03
   2.2302420e-01   4.7604111e-01   4.0834194e-03
   2.2751415e-01   4.7549591e-01   3.9238744e-03
   2.3214025e-01   4.6820011e-01   3.8886889e-03
   2.3680051e-01   4.7642763e-01   3.8055175e-03
   2.4155418e-01   4.7230868e-01   3.7193344e-03
   2.4631334e-01   4.6898139e-01   3.6880827e-03
   2.5109113e-01   4.7572186e-01   3.6129781e-03
   2.5611512e-01   4.7262899e-01   3.4710952e-03
   2.6127861e-01   4.7238044e-01   3.4301348e-03
   2.6654021e-01   4.6406556e-01   3.3163901e-03
   2.7185319e-01   4.6760235e-01   3.3025610e-03
   2.7719600e-01   4.6941042e-01   3.2300717e-03
   2.8267257e-01   4.6703644e-01   3.1601842e-03
   2.8829269e-01   4.6999452e-01   3.0997337e-03
   2.9397450e-01   4.6571621e-01   3.0688756e-03
   2.9975375e-01   4.6765331e-01   2.9827871e-03
   3.0567867e-01   4.6613914e-01   2.9495440e-03
   3.1163605e-01   4.6832378e-01   2.9653611e-03
   3.1774468e-01   4.6476375e-01   2.8849945e-03
   3.2400374e-01   4.6264224e-01   2.8756986e-03
   3.3031886e-01   4.5977166e-01   2.8476714e-03
   3.3679567e-01   4.5374469e-01   2.7887656e-03
   3.4347727e-01   4.5535875e-01   2.7958376e-03
   3.5025256e-01   4.6519506e-01   2.8275088e-03
   3.5711088e-01   4.7045381e-01   2.8278471e-03
   3.6402107e-01   4.5649074e-01   2.8325568e-03
   3.7111563e-01   4.5266434e-01   2.7652529e-03
   3.7844949e-01   4.5193918e-01   2.7560909e-03
   3.8585516e-01   4.6483819e-01   2.8028117e-03
   3.9336977e-01   4.6142723e-01   2.7528794e-03
   4.0105392e-01   4.6373812e-01   2.7350006e-03
   4.0888170e-01   4.5758466e-01   2.7437219e-03
   4.1685032e-01   4.6029581e-01   2.6979066e-03
   4.2495624e-01   4.6007554e-01   2.6998533e-03
   4.3328380e-01   4.4963442e-01   2.6559795e-03
   4.4165071e-01   4.4847048e-01   2.6476408e-03
   4.5031574e-01   4.5493899e-01   2.6157606e-03
   4.5900486e-01   4.6102257e-01   2.6464279e-03
   4.6796546e-01   4.5278981e-01   2.5545125e-03
   4.7711386e-01   4.5591763e-01   2.5928866e-03
   4.8626432e-01   4.4944695e-01   2.5474003e-03
   4.9580203e-01   4.5743481e-01   2.5253093e-03
   5.0549565e-01   4.5353290e-01   2.5236319e-03
   5.1522328e-01   4.5198491e-01   2.5078432e-03
   5.2508621e-01   4.5237632e-01   2.4907508e-03
   5.3530281e-01   4.5658598e-01   2.4526290e-03
   5.4573432e-01   4.5012747e-01   2.4682524e-03
   5.5633493e-01   4.5584801e-01   2.4621159e-03
   5.6715525e-01   4.5540163e-01   2.4853589e-03
   5.7784791e-01   4.5493060e-01   2.8829417e-03
   5.8906605e-01   4.4952012e-01   3.3236991e-03
   6.0047680e-01   4.4851388e-01   3.0992900e-03
   6.1204215e-01   4.5199834e-01   2.2331139e-02
   6.2369515e-01   4.8652934e-01   3.0895477e-02
   6.3518401e-01   4.4624185e-01   6.2685033e-02
   6.4574395e-01   4.4690486e-01   1.5510170e-02
