   2.7217200e-03   1.5673059e+03   9.1755021e+00
   3.1947400e-03   2.0350068e+03   2.9036299e+01
   3.6696500e-03   2.5588625e+03   8.8627793e+00
   4.1432700e-03   2.4559489e+03   7.8326197e+00
   4.5822600e-03   1.9128098e+03   7.1210229e+00
   4.9827300e-03   1.2691266e+03   5.8567377e+00
   5.4291200e-03   6.4056714e+02   4.2270884e+00
   5.8870600e-03   2.5556462e+02   3.1224343e+00
   6.3032300e-03   9.2218551e+01   2.1954434e+00
   6.7149800e-03   3.4066010e+01   1.6585966e+00
   7.1309000e-03   1.3347966e+01   1.1592094e+00
   7.5570400e-03   8.0773254e-01   7.9319535e-01
   8.0015700e-03  -3.3866435e+00   5.5142061e-01
   8.4631300e-03   1.5343116e+00   4.2301294e-01
   8.9171100e-03   1.1430463e+01   3.9712668e-01
   9.3607800e-03   2.0141371e+01   4.0004764e-01
   9.7989800e-03   2.6350047e+01   4.2679385e-01
   1.0230600e-02   2.7202891e+01   4.2294966e-01
   1.0656500e-02   2.4106850e+01   3.9639996e-01
   1.1091960e-02   1.9929380e+01   3.5311822e-01
   1.1570290e-02   1.5541591e+01   3.0096689e-01
   1.2039530e-02   1.0525125e+01   2.7288526e-01
   1.2475540e-02   5.7526812e+00   2.3291778e-01
   1.2925000e-02   3.7803867e+00   1.9897886e-01
   1.3379170e-02   2.9868164e+00   1.6337077e-01
   1.3885090e-02   2.6969384e+00   1.3059052e-01
   1.4431810e-02   3.9731180e+00   1.2904541e-01
   1.4979470e-02   5.3577366e+00   1.3220120e-01
   1.5499650e-02   6.4432687e+00   1.4994798e-01
   1.5981840e-02   6.2067667e+00   1.5274356e-01
   1.6466130e-02   5.5857803e+00   1.5057354e-01
   1.6959760e-02   4.9265721e+00   1.3442329e-01
   1.7466020e-02   3.9349339e+00   1.1781556e-01
   1.8018950e-02   2.7758565e+00   9.8283818e-02
   1.8580540e-02   1.6829637e+00   8.6474445e-02
   1.9107700e-02   1.3627579e+00   7.7757034e-02
   1.9650390e-02   1.2750277e+00   7.0061632e-02
   2.0237060e-02   1.3154313e+00   6.4740823e-02
   2.0827130e-02   1.6007804e+00   6.4173873e-02
   2.1390100e-02   1.5807181e+00   6.3375764e-02
   2.1968180e-02   1.4944732e+00   6.1585691e-02
   2.2556530e-02   1.4215155e+00   6.0824911e-02
   2.3132000e-02   1.2564204e+00   5.7618063e-02
   2.3715830e-02   1.0956103e+00   5.5547784e-02
   2.4310450e-02   8.2222954e-01   5.0560686e-02
   2.4913840e-02   9.9250377e-01   4.8615246e-02
   2.5555250e-02   1.1445100e+00   4.6143817e-02
   2.6204000e-02   9.3233826e-01   4.4613449e-02
   2.6854130e-02   1.0103662e+00   4.3225710e-02
   2.7516240e-02   1.0826721e+00   4.3009252e-02
   2.8175240e-02   8.7965886e-01   3.8963085e-02
   2.8868320e-02   8.1472007e-01   3.7829138e-02
   2.9607990e-02   7.4296843e-01   3.6602282e-02
   3.0334410e-02   7.8190561e-01   3.8992877e-02
   3.1047270e-02   7.4021618e-01   4.1023258e-02
   3.1763680e-02   6.3450232e-01   4.4077933e-02
   3.2494230e-02   5.9280546e-01   4.5098864e-02
   3.3251100e-02   7.3297664e-01   4.8975669e-02
   3.4009260e-02   7.3077704e-01   5.1179134e-02
   3.4772870e-02   5.9132747e-01   5.3307905e-02
   3.5562360e-02   6.0896060e-01   5.5719597e-02
   3.6367870e-02   6.8017236e-01   6.1315723e-02
   3.7173640e-02   6.4851105e-01   6.5338596e-02
   3.8002500e-02   6.8907167e-01   7.3571603e-02
   3.8841600e-02   6.6225264e-01   8.3672863e-02
   3.9687370e-02   5.6839817e-01   1.1311931e-01
   4.0543830e-02   7.1136662e-01   1.5641189e-01
   4.1341710e-02   7.5827874e-01   1.6555510e-01
   4.2099430e-02   2.3583460e-01   2.3471533e-01
   4.3572810e-02   5.3175030e-01   1.0467191e-01
   4.5044000e-02   6.9232014e-01   8.2231128e-02
   4.6446730e-02   4.7816455e-01   3.2267022e-02
   4.8135700e-02   5.1224316e-01   3.1414081e-02
   4.9955020e-02   5.6880761e-01   2.7197865e-02
   5.1233480e-02   5.7175089e-01   2.6924936e-02
   5.2879860e-02   5.9865605e-01   3.2703130e-02
   5.4432690e-02   4.7828569e-01   2.9804064e-02
   5.5918540e-02   4.9033182e-01   2.3633150e-02
   5.7600770e-02   5.7548684e-01   2.7328236e-02
   5.9168300e-02   5.8450999e-01   2.5603363e-02
   6.0994170e-02   5.6397511e-01   1.9719364e-02
   6.2786910e-02   5.1220264e-01   2.1353677e-02
   6.4587260e-02   5.1408786e-01   2.2385648e-02
   6.6351400e-02   5.4244960e-01   1.8603026e-02
   6.8111210e-02   6.2558727e-01   2.1293315e-02
   6.9991610e-02   5.4439577e-01   2.1883845e-02
   7.1713760e-02   4.8557342e-01   1.8045931e-02
   7.3474520e-02   4.9977399e-01   1.9615254e-02
   7.5415250e-02   5.2934790e-01   1.9270254e-02
   7.7313940e-02   5.4842468e-01   1.5019214e-02
   7.9345300e-02   5.6301509e-01   1.8559705e-02
   8.1486400e-02   5.3038313e-01   1.5899877e-02
   8.3324560e-02   5.2269783e-01   1.5737433e-02
   8.5412800e-02   5.8899864e-01   1.7721337e-02
   8.7591420e-02   5.8355160e-01   1.4430300e-02
   8.9558830e-02   5.2001065e-01   1.6170898e-02
   9.1804350e-02   5.1657914e-01   1.5045061e-02
   9.3880370e-02   5.7863717e-01   1.3753833e-02
   9.6176660e-02   5.5000879e-01   1.5751279e-02
   9.8450500e-02   5.4305559e-01   1.3135379e-02
   1.0051043e-01   5.3566753e-01   1.5266954e-02
   1.0294981e-01   5.6017572e-01   1.3381767e-02
   1.0512391e-01   5.3570759e-01   1.3468211e-02
   1.0755278e-01   5.2178023e-01   1.3428672e-02
   1.0990883e-01   5.5138080e-01   1.1890345e-02
   1.1244154e-01   5.5390215e-01   1.2778555e-02
   1.1499993e-01   5.3715301e-01   1.1119232e-02
   1.1750239e-01   5.4440406e-01   1.2137572e-02
   1.2020322e-01   5.0451772e-01   1.0658850e-02
   1.2282100e-01   5.1740493e-01   1.1555098e-02
   1.2554282e-01   5.5518673e-01   1.0805702e-02
   1.2810408e-01   5.4297728e-01   1.1077096e-02
   1.3102353e-01   5.0988364e-01   1.0342123e-02
   1.3370214e-01   4.9398556e-01   1.0568395e-02
   1.3663349e-01   5.5827872e-01   9.8316267e-03
   1.3946530e-01   5.3469756e-01   1.0225618e-02
   1.4251987e-01   4.8983130e-01   9.0823517e-03
   1.4553400e-01   5.2697199e-01   9.8112752e-03
   1.4856066e-01   5.3206783e-01   8.8654737e-03
   1.5183509e-01   4.9974360e-01   9.1104569e-03
   1.5484856e-01   5.1463045e-01   8.6591171e-03
   1.5828075e-01   5.1192257e-01   8.6601736e-03
   1.6140872e-01   5.1972521e-01   8.5007573e-03
   1.6482463e-01   5.1488613e-01   8.1743198e-03
   1.6831944e-01   4.9747548e-01   8.1542898e-03
   1.7164852e-01   5.0726148e-01   7.8848835e-03
   1.7532467e-01   5.0298362e-01   7.8341101e-03
   1.7876744e-01   4.9906860e-01   7.6456219e-03
   1.8241077e-01   4.8835516e-01   7.1999419e-03
   1.8639341e-01   4.9812299e-01   7.2069912e-03
   1.9008794e-01   4.9232904e-01   7.1375412e-03
   1.9382503e-01   4.9433735e-01   6.8823858e-03
   1.9793047e-01   5.0713399e-01   6.8604900e-03
   2.0196078e-01   4.7700498e-01   6.5713881e-03
   2.0589023e-01   4.7652883e-01   6.5105170e-03
   2.1010643e-01   4.8106776e-01   6.2415090e-03
   2.1447847e-01   4.8163290e-01   6.1840140e-03
   2.1877480e-01   4.8211961e-01   6.1320142e-03
   2.2302420e-01   4.7821229e-01   6.0179752e-03
   2.2751415e-01   4.7341870e-01   5.7847399e-03
   2.3214025e-01   4.6553073e-01   5.6334550e-03
   2.3680051e-01   4.7992139e-01   5.5403621e-03
   2.4155418e-01   4.7350005e-01   5.5153205e-03
   2.4631334e-01   4.6443803e-01   5.4313749e-03
   2.5109113e-01   4.7669403e-01   5.3197821e-03
   2.5611512e-01   4.7661930e-01   5.0825477e-03
   2.6127861e-01   4.7128830e-01   4.9750493e-03
   2.6654021e-01   4.6128886e-01   4.8365190e-03
   2.7185319e-01   4.6797247e-01   4.8430714e-03
   2.7719600e-01   4.7114450e-01   4.7262355e-03
   2.8267257e-01   4.6606251e-01   4.6493748e-03
   2.8829269e-01   4.7023565e-01   4.5436615e-03
   2.9397450e-01   4.6661652e-01   4.4858849e-03
   2.9975375e-01   4.6561102e-01   4.4029513e-03
   3.0567867e-01   4.6690874e-01   4.3491365e-03
   3.1163605e-01   4.6949210e-01   4.3437496e-03
   3.1774468e-01   4.6406465e-01   4.2588947e-03
   3.2400374e-01   4.6231039e-01   4.2354838e-03
   3.3031886e-01   4.6273828e-01   4.1685162e-03
   3.3679567e-01   4.5160341e-01   4.0972630e-03
   3.4347727e-01   4.4921727e-01   4.0900101e-03
   3.5025256e-01   4.6929555e-01   4.1441392e-03
   3.5711088e-01   4.7688147e-01   4.1631273e-03
   3.6402107e-01   4.5517758e-01   4.1587014e-03
   3.7111563e-01   4.4587410e-01   4.0784117e-03
   3.7844949e-01   4.5280100e-01   4.0502261e-03
   3.8585516e-01   4.6665161e-01   4.0909632e-03
   3.9336977e-01   4.6371051e-01   4.0512534e-03
   4.0105392e-01   4.6303170e-01   4.0299743e-03
   4.0888170e-01   4.5493201e-01   4.0350953e-03
   4.1685032e-01   4.6050845e-01   3.9591543e-03
   4.2495624e-01   4.6586630e-01   3.9799215e-03
   4.3328380e-01   4.4667955e-01   3.8948666e-03
   4.4165071e-01   4.4195805e-01   3.9065353e-03
   4.5031574e-01   4.5959313e-01   3.8451130e-03
   4.5900486e-01   4.6323740e-01   3.8740582e-03
   4.6796546e-01   4.5227615e-01   3.7778406e-03
   4.7711386e-01   4.5411612e-01   3.8081520e-03
   4.8626432e-01   4.4860677e-01   3.7286676e-03
   4.9580203e-01   4.5864246e-01   3.7276783e-03
   5.0549565e-01   4.5654664e-01   3.7143574e-03
   5.1522328e-01   4.4679535e-01   3.7015165e-03
   5.2508621e-01   4.5423081e-01   3.6814005e-03
   5.3530281e-01   4.5884997e-01   3.6122235e-03
   5.4573432e-01   4.4778139e-01   3.5781891e-03
   5.5633493e-01   4.5461169e-01   3.6460531e-03
   5.6715525e-01   4.5771265e-01   3.7194281e-03
   5.7784791e-01   4.5651314e-01   4.2509202e-03
   5.8906605e-01   4.4969470e-01   4.8529769e-03
   6.0047680e-01   4.3985187e-01   5.6827085e-03
   6.1204215e-01   4.5467606e-01   7.3332040e-03
   6.2369515e-01   4.8652934e-01   3.0895477e-02
   6.3518401e-01   4.4624185e-01   6.2685033e-02
   6.4574395e-01   4.4690486e-01   1.5510170e-02
