   2.7217200e-03   1.5673059e+03   9.1755021e+00
   3.1947400e-03   2.0350068e+03   2.9036299e+01
   3.6696500e-03   2.6981927e+03   2.4711910e+01
   4.1432700e-03   2.4740736e+03   2.4012557e+01
   4.5822600e-03   1.9123957e+03   2.4965670e+01
   4.9827300e-03   1.2675778e+03   1.9894483e+01
   5.4291200e-03   5.8769419e+02   1.2168401e+01
   5.8870600e-03   2.4186810e+02   9.0621138e+00
   6.3032300e-03   8.9232227e+01   7.3225329e+00
   6.7149800e-03   3.7596601e+01   5.2391983e+00
   7.1309000e-03   2.0626231e+01   3.6454008e+00
   7.5570400e-03   1.3611614e+00   2.4263542e+00
   8.0015700e-03  -1.8889442e+00   1.6103915e+00
   8.4631300e-03   1.5663241e+00   1.2595303e+00
   8.9171100e-03   1.3694508e+01   1.2644080e+00
   9.3607800e-03   1.9733070e+01   1.3401383e+00
   9.7989800e-03   2.8183486e+01   1.4467771e+00
   1.0230600e-02   2.7330691e+01   1.4887786e+00
   1.0656500e-02   2.4239066e+01   1.4201097e+00
   1.1091960e-02   1.9604780e+01   1.1573038e+00
   1.1570290e-02   1.5625689e+01   9.3613611e-01
   1.2039530e-02   1.1091613e+01   9.1846193e-01
   1.2475540e-02   4.4900019e+00   8.2801430e-01
   1.2925000e-02   4.0606078e+00   6.8150784e-01
   1.3379170e-02   3.1974872e+00   5.3665485e-01
   1.3885090e-02   2.0906955e+00   3.9482942e-01
   1.4431810e-02   4.4146170e+00   3.7141285e-01
   1.4979470e-02   5.0317527e+00   4.1565070e-01
   1.5499650e-02   7.1164963e+00   5.0956640e-01
   1.5981840e-02   5.9313110e+00   5.5029763e-01
   1.6466130e-02   5.5835108e+00   5.2074160e-01
   1.6959760e-02   5.0520738e+00   4.6969780e-01
   1.7466020e-02   3.8420562e+00   3.8592302e-01
   1.8018950e-02   2.9513995e+00   3.0065067e-01
   1.8580540e-02   1.3495872e+00   2.8143251e-01
   1.9107700e-02   1.4867400e+00   2.7124041e-01
   1.9650390e-02   1.2841518e+00   2.2556585e-01
   2.0237060e-02   1.1745862e+00   1.9909832e-01
   2.0827130e-02   1.8091284e+00   2.1227912e-01
   2.1390100e-02   1.5160580e+00   2.1697946e-01
   2.1968180e-02   1.4664702e+00   2.0277340e-01
   2.2556530e-02   1.5220088e+00   2.0295180e-01
   2.3132000e-02   1.1118796e+00   1.9943585e-01
   2.3715830e-02   1.3239868e+00   1.8659981e-01
   2.4310450e-02   5.5193691e-01   1.7321476e-01
   2.4913840e-02   1.0352120e+00   1.6027635e-01
   2.5555250e-02   1.3399117e+00   1.4962049e-01
   2.6204000e-02   7.3325182e-01   1.4696362e-01
   2.6854130e-02   1.0257659e+00   1.4441544e-01
   2.7516240e-02   1.2533514e+00   1.4414401e-01
   2.8175240e-02   6.9519901e-01   1.3267237e-01
   2.8868320e-02   9.4753962e-01   1.1766666e-01
   2.9607990e-02   6.1503520e-01   1.1341101e-01
   3.0334410e-02   8.8600657e-01   1.2702845e-01
   3.1047270e-02   6.9973073e-01   1.3868383e-01
   3.1763680e-02   6.8175413e-01   1.4635201e-01
   3.2494230e-02   4.7639924e-01   1.4894228e-01
   3.3251100e-02   8.1687807e-01   1.5977445e-01
   3.4009260e-02   7.6919274e-01   1.7263957e-01
   3.4772870e-02   5.3061005e-01   1.7640849e-01
   3.5562360e-02   5.8009556e-01   1.8155814e-01
   3.6367870e-02   7.7353753e-01   2.0114700e-01
   3.7173640e-02   5.4699083e-01   2.1656630e-01
   3.8002500e-02   7.6882716e-01   2.3928137e-01
   3.8841600e-02   6.2726260e-01   2.7016342e-01
   3.9687370e-02   6.3136687e-01   3.2041386e-01
   4.0543830e-02   3.6413080e-01   4.8580299e-01
   4.1341710e-02   1.6917419e+00   8.7705020e-01
   4.2099430e-02  -5.8119140e-01   8.0622407e-01
   4.3572810e-02   8.6613657e-01   3.4003719e-01
   4.5044000e-02   7.5762188e-01   1.1166373e-01
   4.6446730e-02   3.4596485e-01   9.7696156e-02
   4.8135700e-02   5.4469427e-01   7.9546150e-02
   4.9955020e-02   6.1054724e-01   9.1862251e-02
   5.1233480e-02   4.8690893e-01   1.0036891e-01
   5.2879860e-02   7.1835013e-01   9.7118574e-02
   5.4432690e-02   3.6678626e-01   1.0397955e-01
   5.5918540e-02   5.0359395e-01   7.9553711e-02
   5.7600770e-02   6.0527881e-01   8.8383436e-02
   5.9168300e-02   5.6261247e-01   8.3657255e-02
   6.0994170e-02   6.0411921e-01   5.9906266e-02
   6.2786910e-02   4.5622861e-01   6.5312799e-02
   6.4587260e-02   5.6896008e-01   7.0140297e-02
   6.6351400e-02   4.4756932e-01   6.3899183e-02
   6.8111210e-02   7.4200265e-01   6.5790539e-02
   6.9991610e-02   4.8365150e-01   6.9960787e-02
   7.1713760e-02   4.9105916e-01   6.5963239e-02
   7.3474520e-02   4.8960980e-01   6.2444964e-02
   7.5415250e-02   5.4275380e-01   6.0159132e-02
   7.7313940e-02   5.3549758e-01   5.2240355e-02
   7.9345300e-02   5.8102450e-01   5.1855124e-02
   8.1486400e-02   5.3327856e-01   5.4186756e-02
   8.3324560e-02   4.7685390e-01   5.5940346e-02
   8.5412800e-02   6.2522323e-01   5.1156687e-02
   8.7591420e-02   5.8976290e-01   5.0576929e-02
   8.9558830e-02   5.1795808e-01   5.2159239e-02
   9.1804350e-02   4.5751265e-01   4.8570865e-02
   9.3880370e-02   6.6408096e-01   4.6624903e-02
   9.6176660e-02   4.8831275e-01   4.5975759e-02
   9.8450500e-02   5.9546452e-01   4.8969574e-02
   1.0051043e-01   4.8272765e-01   4.8880571e-02
   1.0294981e-01   6.0753140e-01   4.4332484e-02
   1.0512391e-01   5.1331798e-01   4.5830393e-02
   1.0755278e-01   5.1253384e-01   4.3179539e-02
   1.0990883e-01   5.5776766e-01   4.0392076e-02
   1.1244154e-01   5.7219786e-01   3.8883134e-02
   1.1499993e-01   4.9877934e-01   3.8564809e-02
   1.1750239e-01   5.9256116e-01   3.8273387e-02
   1.2020322e-01   4.6833566e-01   3.5129483e-02
   1.2282100e-01   5.1538794e-01   3.6730073e-02
   1.2554282e-01   5.8205910e-01   3.7793621e-02
   1.2810408e-01   5.2466201e-01   3.5836207e-02
   1.3102353e-01   5.4167578e-01   3.4098521e-02
   1.3370214e-01   4.2641167e-01   3.5064004e-02
   1.3663349e-01   6.1898870e-01   3.3124897e-02
   1.3946530e-01   5.2889599e-01   3.3017994e-02
   1.4251987e-01   4.5630113e-01   3.0025798e-02
   1.4553400e-01   5.4532029e-01   3.2495905e-02
   1.4856066e-01   5.5270617e-01   2.9104095e-02
   1.5183509e-01   4.5883180e-01   3.0062610e-02
   1.5484856e-01   5.4855543e-01   2.8720256e-02
   1.5828075e-01   4.8982358e-01   2.8316400e-02
   1.6140872e-01   5.3004925e-01   2.9207307e-02
   1.6482463e-01   5.2440866e-01   2.5878646e-02
   1.6831944e-01   4.7302031e-01   2.7463982e-02
   1.7164852e-01   5.3042407e-01   2.6120310e-02
   1.7532467e-01   4.8491985e-01   2.5762567e-02
   1.7876744e-01   5.1941055e-01   2.6815481e-02
   1.8241077e-01   4.6752939e-01   2.2591852e-02
   1.8639341e-01   5.1343339e-01   2.2919657e-02
   1.9008794e-01   4.8996534e-01   2.5443350e-02
   1.9382503e-01   4.7640448e-01   2.2723384e-02
   1.9793047e-01   5.4184922e-01   2.1374743e-02
   2.0196078e-01   4.4359950e-01   2.2793874e-02
   2.0589023e-01   4.9138890e-01   2.2095977e-02
   2.1010643e-01   4.7683363e-01   1.9846491e-02
   2.1447847e-01   4.8154233e-01   1.9949732e-02
   2.1877480e-01   4.8667758e-01   2.1144617e-02
   2.2302420e-01   4.7112363e-01   2.0386035e-02
   2.2751415e-01   4.8604714e-01   1.8776495e-02
   2.3214025e-01   4.4551309e-01   1.8416329e-02
   2.3680051e-01   4.9646844e-01   1.8267517e-02
   2.4155418e-01   4.7288089e-01   1.8230652e-02
   2.4631334e-01   4.5085508e-01   1.8529838e-02
   2.5109113e-01   4.9052451e-01   1.7864965e-02
   2.5611512e-01   4.6828398e-01   1.6616077e-02
   2.6127861e-01   4.8133202e-01   1.6160363e-02
   2.6654021e-01   4.4940602e-01   1.5923460e-02
   2.7185319e-01   4.7246886e-01   1.6122995e-02
   2.7719600e-01   4.7636963e-01   1.5850346e-02
   2.8267257e-01   4.5629158e-01   1.5295324e-02
   2.8829269e-01   4.8008587e-01   1.5019763e-02
   2.9397450e-01   4.5966275e-01   1.4942501e-02
   2.9975375e-01   4.6979609e-01   1.4543564e-02
   3.0567867e-01   4.6192718e-01   1.4474479e-02
   3.1163605e-01   4.7577889e-01   1.4523033e-02
   3.1774468e-01   4.6078257e-01   1.4111269e-02
   3.2400374e-01   4.6017168e-01   1.4069346e-02
   3.3031886e-01   4.6910576e-01   1.3969697e-02
   3.3679567e-01   4.4940069e-01   1.3484179e-02
   3.4347727e-01   4.4192550e-01   1.3397980e-02
   3.5025256e-01   4.7053491e-01   1.3703608e-02
   3.5711088e-01   4.9184433e-01   1.4009491e-02
   3.6402107e-01   4.4211124e-01   1.3981967e-02
   3.7111563e-01   4.5065705e-01   1.3430615e-02
   3.7844949e-01   4.4212794e-01   1.3319812e-02
   3.8585516e-01   4.8280962e-01   1.3636082e-02
   3.9336977e-01   4.5036757e-01   1.3519137e-02
   4.0105392e-01   4.7529454e-01   1.3375600e-02
   4.0888170e-01   4.4522030e-01   1.3374607e-02
   4.1685032e-01   4.5913287e-01   1.3260405e-02
   4.2495624e-01   4.7856577e-01   1.3114415e-02
   4.3328380e-01   4.3860211e-01   1.3029502e-02
   4.4165071e-01   4.3663139e-01   1.2915794e-02
   4.5031574e-01   4.6254472e-01   1.2831616e-02
   4.5900486e-01   4.7390692e-01   1.2896037e-02
   4.6796546e-01   4.3562178e-01   1.2476603e-02
   4.7711386e-01   4.7198422e-01   1.2711050e-02
   4.8626432e-01   4.3024590e-01   1.2510310e-02
   4.9580203e-01   4.7068449e-01   1.2159599e-02
   5.0549565e-01   4.5629206e-01   1.2345362e-02
   5.1522328e-01   4.4151440e-01   1.2544628e-02
   5.2508621e-01   4.5192197e-01   1.2306196e-02
   5.3530281e-01   4.7230896e-01   1.1918046e-02
   5.4573432e-01   4.3139907e-01   1.1849138e-02
   5.5633493e-01   4.6443423e-01   1.1765081e-02
   5.6715525e-01   4.5426341e-01   1.2413148e-02
   5.7784791e-01   4.5776276e-01   1.4080150e-02
   5.8906605e-01   4.5466518e-01   1.5731281e-02
   6.0047680e-01   4.3027350e-01   1.8295837e-02
   6.1204215e-01   4.5199834e-01   2.2331139e-02
   6.2369515e-01   4.8652934e-01   3.0895477e-02
   6.3518401e-01   4.4624185e-01   6.2685033e-02
   6.4574395e-01   4.4690486e-01   1.5510170e-02
