   2.7217200e-03   6.4899491e+02   4.9304929e+00
   3.1947400e-03   8.1087566e+02   1.7566167e+01
   3.6696500e-03   1.6169335e+03   1.7921570e+01
   4.1432700e-03   2.0555786e+03   4.8497272e+00
   4.5822600e-03   2.0916413e+03   4.9794177e+00
   4.9827300e-03   1.7366353e+03   4.3833554e+00
   5.4291200e-03   1.0892149e+03   3.0878322e+00
   5.8870600e-03   4.7689868e+02   2.4094975e+00
   6.3032300e-03   1.3032587e+02   1.7135681e+00
   6.7149800e-03  -8.4838809e+00   1.1603422e+00
   7.1309000e-03  -2.9230594e+01   8.2387206e-01
   7.5570400e-03  -2.0911467e+01   5.5400541e-01
   8.0015700e-03  -9.4851862e+00   3.8215731e-01
   8.4631300e-03  -1.6696078e-01   2.9142660e-01
   8.9171100e-03   8.4385178e+00   2.6261848e-01
   9.3607800e-03   1.6717001e+01   2.5917098e-01
   9.7989800e-03   2.1395315e+01   2.6412336e-01
   1.0230600e-02   2.3368042e+01   2.5926022e-01
   1.0656500e-02   2.1497637e+01   2.4829261e-01
   1.1091960e-02   1.8403829e+01   2.2463502e-01
   1.1570290e-02   1.3840490e+01   1.8874771e-01
   1.2039530e-02   9.8166119e+00   1.7612427e-01
   1.2475540e-02   6.3936526e+00   1.4751211e-01
   1.2925000e-02   3.8778379e+00   1.2216460e-01
   1.3379170e-02   2.8001211e+00   1.0768608e-01
   1.3885090e-02   2.9833276e+00   9.1308211e-02
   1.4431810e-02   3.8679963e+00   9.0850420e-02
   1.4979470e-02   4.8420821e+00   9.0996891e-02
   1.5499650e-02   5.7632565e+00   9.9512102e-02
   1.5981840e-02   5.8143442e+00   9.8757331e-02
   1.6466130e-02   5.4295327e+00   9.4249715e-02
   1.6959760e-02   4.8240202e+00   8.8394069e-02
   1.7466020e-02   4.0897956e+00   8.1052740e-02
   1.8018950e-02   3.1480580e+00   6.7832433e-02
   1.8580540e-02   2.0735059e+00   6.0090736e-02
   1.9107700e-02   1.5763283e+00   5.4580779e-02
   1.9650390e-02   1.2699493e+00   4.7662796e-02
   2.0237060e-02   1.1794052e+00   4.2700615e-02
   2.0827130e-02   1.3121803e+00   4.2753871e-02
   2.1390100e-02   1.4391432e+00   4.2349890e-02
   2.1968180e-02   1.3436351e+00   3.9074121e-02
   2.2556530e-02   1.3816276e+00   3.9790194e-02
   2.3132000e-02   1.2093265e+00   3.7896154e-02
   2.3715830e-02   1.1136771e+00   3.5598891e-02
   2.4310450e-02   9.6257435e-01   3.3878238e-02
   2.4913840e-02   9.7334111e-01   3.2408459e-02
   2.5555250e-02   9.7655528e-01   3.0405808e-02
   2.6204000e-02   1.0572783e+00   3.1147423e-02
   2.6854130e-02   1.0181102e+00   2.9090485e-02
   2.7516240e-02   9.6420143e-01   2.8333281e-02
   2.8175240e-02   9.7013182e-01   2.7556478e-02
   2.8868320e-02   8.9430292e-01   2.6183442e-02
   2.9607990e-02   7.8155315e-01   2.5863655e-02
   3.0334410e-02   7.0566253e-01   2.6563367e-02
   3.1047270e-02   6.8091547e-01   2.7646363e-02
   3.1763680e-02   7.0903929e-01   3.0057426e-02
   3.2494230e-02   6.8745234e-01   3.0775065e-02
   3.3251100e-02   6.4128692e-01   3.2193010e-02
   3.4009260e-02   5.8968227e-01   3.3514743e-02
   3.4772870e-02   5.7616420e-01   3.5366566e-02
   3.5562360e-02   6.1901037e-01   3.7310094e-02
   3.6367870e-02   6.5639100e-01   4.0677100e-02
   3.7173640e-02   7.3844838e-01   4.5260369e-02
   3.8002500e-02   6.8874698e-01   4.9676102e-02
   3.8841600e-02   4.7636159e-01   5.7840757e-02
   3.9687370e-02   5.0227100e-01   8.3999452e-02
   4.0543830e-02   5.7350739e-01   7.2122641e-02
   4.1341710e-02   7.4807429e-01   1.2412590e-01
   4.2099430e-02   6.2597468e-01   2.3458777e-01
   4.3572810e-02   5.3712691e-01   4.3119067e-02
   4.5044000e-02   5.1379137e-01   3.8039754e-02
   4.6446730e-02   6.1500197e-01   5.5024998e-02
   4.8135700e-02   5.7675029e-01   2.4047547e-02
   4.9955020e-02   5.7471114e-01   1.9375873e-02
   5.1233480e-02   5.2408992e-01   1.8074587e-02
   5.2879860e-02   5.6235331e-01   2.1972009e-02
   5.4432690e-02   5.2631771e-01   2.1922468e-02
   5.5918540e-02   5.5836452e-01   1.4526416e-02
   5.7600770e-02   5.1544331e-01   1.8818104e-02
   5.9168300e-02   5.8805901e-01   1.9466695e-02
   6.0994170e-02   5.4205795e-01   1.3008284e-02
   6.2786910e-02   5.7067390e-01   1.5949508e-02
   6.4587260e-02   5.3171354e-01   1.6314625e-02
   6.6351400e-02   5.6619076e-01   1.2854164e-02
   6.8111210e-02   5.5004785e-01   1.4482028e-02
   6.9991610e-02   5.5560502e-01   1.5560139e-02
   7.1713760e-02   5.5738874e-01   1.2288350e-02
   7.3474520e-02   5.4133010e-01   1.3547026e-02
   7.5415250e-02   5.9162863e-01   1.4182544e-02
   7.7313940e-02   5.6238617e-01   1.0835064e-02
   7.9345300e-02   5.6352911e-01   1.3162099e-02
   8.1486400e-02   5.3770464e-01   1.1224425e-02
   8.3324560e-02   5.8475171e-01   1.1280340e-02
   8.5412800e-02   5.6433291e-01   1.2085222e-02
   8.7591420e-02   5.5790989e-01   1.0132652e-02
   8.9558830e-02   5.7063569e-01   1.1398423e-02
   9.1804350e-02   5.5784052e-01   1.0532649e-02
   9.3880370e-02   5.6667594e-01   9.6761985e-03
   9.6176660e-02   5.6590399e-01   1.0782636e-02
   9.8450500e-02   5.5630511e-01   9.2639528e-03
   1.0051043e-01   5.4117086e-01   1.0263534e-02
   1.0294981e-01   5.6019688e-01   9.1210340e-03
   1.0512391e-01   5.3867612e-01   9.2271581e-03
   1.0755278e-01   5.5605669e-01   9.2554883e-03
   1.0990883e-01   5.6105297e-01   8.3785697e-03
   1.1244154e-01   5.4658170e-01   8.7018614e-03
   1.1499993e-01   5.5621753e-01   7.9801332e-03
   1.1750239e-01   5.5550780e-01   8.4266801e-03
   1.2020322e-01   5.6372964e-01   7.6156615e-03
   1.2282100e-01   5.4688982e-01   7.9060832e-03
   1.2554282e-01   5.4080777e-01   7.5462524e-03
   1.2810408e-01   5.3940502e-01   7.5060950e-03
   1.3102353e-01   5.1549242e-01   7.0165937e-03
   1.3370214e-01   5.2907106e-01   7.3070159e-03
   1.3663349e-01   5.3077709e-01   6.6777614e-03
   1.3946530e-01   5.3609217e-01   7.0166862e-03
   1.4251987e-01   5.2319709e-01   6.2067490e-03
   1.4553400e-01   5.2268711e-01   6.8092555e-03
   1.4856066e-01   5.0855775e-01   5.9341750e-03
   1.5183509e-01   5.0995170e-01   6.2673392e-03
   1.5484856e-01   5.0438980e-01   5.8613228e-03
   1.5828075e-01   5.1040782e-01   5.7687459e-03
   1.6140872e-01   5.1169275e-01   5.8906506e-03
   1.6482463e-01   5.0505829e-01   5.3714853e-03
   1.6831944e-01   4.8473751e-01   5.5533826e-03
   1.7164852e-01   4.8586655e-01   5.2169365e-03
   1.7532467e-01   4.9423603e-01   5.1616039e-03
   1.7876744e-01   4.8054117e-01   5.2368548e-03
   1.8241077e-01   4.8451548e-01   4.7632621e-03
   1.8639341e-01   4.7668299e-01   4.7695419e-03
   1.9008794e-01   4.7535753e-01   4.8596176e-03
   1.9382503e-01   4.8120583e-01   4.5572303e-03
   1.9793047e-01   4.7512870e-01   4.4771873e-03
   2.0196078e-01   4.7569520e-01   4.4478945e-03
   2.0589023e-01   4.7181220e-01   4.3559744e-03
   2.1010643e-01   4.5704733e-01   4.1228531e-03
   2.1447847e-01   4.5288775e-01   4.0876185e-03
   2.1877480e-01   4.5701332e-01   4.0679829e-03
   2.2302420e-01   4.5511560e-01   3.9558335e-03
   2.2751415e-01   4.6163836e-01   3.8195435e-03
   2.3214025e-01   4.5643434e-01   3.7949249e-03
   2.3680051e-01   4.5364207e-01   3.6799865e-03
   2.4155418e-01   4.5228323e-01   3.6126174e-03
   2.4631334e-01   4.5388149e-01   3.5919699e-03
   2.5109113e-01   4.4749719e-01   3.4838300e-03
   2.5611512e-01   4.5354258e-01   3.3649032e-03
   2.6127861e-01   4.4991818e-01   3.3219458e-03
   2.6654021e-01   4.4657004e-01   3.2174585e-03
   2.7185319e-01   4.3884398e-01   3.1823742e-03
   2.7719600e-01   4.4331219e-01   3.1183972e-03
   2.8267257e-01   4.4833324e-01   3.0656487e-03
   2.8829269e-01   4.4817738e-01   2.9934183e-03
   2.9397450e-01   4.4560906e-01   2.9678740e-03
   2.9975375e-01   4.4477053e-01   2.8838731e-03
   3.0567867e-01   4.3743000e-01   2.8395977e-03
   3.1163605e-01   4.3805931e-01   2.8516115e-03
   3.1774468e-01   4.3840187e-01   2.7846092e-03
   3.2400374e-01   4.4021244e-01   2.7789813e-03
   3.3031886e-01   4.3645147e-01   2.7430797e-03
   3.3679567e-01   4.3674298e-01   2.7006674e-03
   3.4347727e-01   4.3625356e-01   2.7077014e-03
   3.5025256e-01   4.3151907e-01   2.7106629e-03
   3.5711088e-01   4.3928754e-01   2.7183233e-03
   3.6402107e-01   4.3259205e-01   2.7300260e-03
   3.7111563e-01   4.3324070e-01   2.6680200e-03
   3.7844949e-01   4.3343669e-01   2.6639592e-03
   3.8585516e-01   4.3176042e-01   2.6850443e-03
   3.9336977e-01   4.2733955e-01   2.6364859e-03
   4.0105392e-01   4.2984303e-01   2.6212187e-03
   4.0888170e-01   4.2879211e-01   2.6344191e-03
   4.1685032e-01   4.3362096e-01   2.5950840e-03
   4.2495624e-01   4.3553959e-01   2.6000987e-03
   4.3328380e-01   4.2917963e-01   2.5614218e-03
   4.4165071e-01   4.2787773e-01   2.5571455e-03
   4.5031574e-01   4.3377998e-01   2.5251471e-03
   4.5900486e-01   4.2793048e-01   2.5398704e-03
   4.6796546e-01   4.2905983e-01   2.4629614e-03
   4.7711386e-01   4.2712880e-01   2.4909643e-03
   4.8626432e-01   4.3222386e-01   2.4645556e-03
   4.9580203e-01   4.2695894e-01   2.4251553e-03
   5.0549565e-01   4.2710778e-01   2.4247053e-03
   5.1522328e-01   4.2622925e-01   2.4159789e-03
   5.2508621e-01   4.3174639e-01   2.4025670e-03
   5.3530281e-01   4.2650750e-01   2.3514310e-03
   5.4573432e-01   4.2270355e-01   2.3730854e-03
   5.5633493e-01   4.2505037e-01   2.3642250e-03
   5.6715525e-01   4.2709777e-01   2.3834609e-03
   5.7784791e-01   4.3175635e-01   2.7777974e-03
   5.8906605e-01   4.2776298e-01   3.2029741e-03
   6.0047680e-01   4.1971525e-01   2.9711000e-03
   6.1204215e-01   4.3366195e-01   2.1459900e-02
   6.2369515e-01   4.4657269e-01   2.9711068e-02
   6.3518401e-01   4.7377949e-01   5.9881117e-02
   6.4574395e-01   4.0959263e-01   1.4708660e-02
