   2.7217200e-03   6.4899491e+02   4.9304929e+00
   3.1947400e-03   8.1087566e+02   1.7566167e+01
   3.6696500e-03   1.5919491e+03   6.2717504e+00
   4.1432700e-03   2.1479846e+03   6.6972405e+00
   4.5822600e-03   2.1912045e+03   6.9007121e+00
   4.9827300e-03   1.7696004e+03   6.1877436e+00
   5.4291200e-03   1.0515549e+03   4.6775658e+00
   5.8870600e-03   4.1239430e+02   3.5296051e+00
   6.3032300e-03   8.2400340e+01   2.4475433e+00
   6.7149800e-03  -1.6340299e+01   1.7816529e+00
   7.1309000e-03  -1.9097477e+01   1.1898729e+00
   7.5570400e-03  -1.1264722e+01   7.8380728e-01
   8.0015700e-03  -4.6890393e+00   5.3564893e-01
   8.4631300e-03   2.5569752e+00   4.0900022e-01
   8.9171100e-03   9.8275401e+00   3.7444717e-01
   9.3607800e-03   1.7918662e+01   3.7869039e-01
   9.7989800e-03   2.2599697e+01   3.9711161e-01
   1.0230600e-02   2.3950352e+01   3.9687265e-01
   1.0656500e-02   2.1847267e+01   3.7138033e-01
   1.1091960e-02   1.8297965e+01   3.3331546e-01
   1.1570290e-02   1.3750895e+01   2.8371405e-01
   1.2039530e-02   9.7211297e+00   2.5926344e-01
   1.2475540e-02   6.3444182e+00   2.2542087e-01
   1.2925000e-02   3.5283891e+00   1.9089084e-01
   1.3379170e-02   2.5214909e+00   1.5708004e-01
   1.3885090e-02   3.0247892e+00   1.2812378e-01
   1.4431810e-02   3.8904870e+00   1.2477997e-01
   1.4979470e-02   4.8760763e+00   1.2776681e-01
   1.5499650e-02   5.9914864e+00   1.4475226e-01
   1.5981840e-02   5.9769821e+00   1.4861883e-01
   1.6466130e-02   5.3351149e+00   1.4690968e-01
   1.6959760e-02   4.7956099e+00   1.3227037e-01
   1.7466020e-02   4.2041068e+00   1.1791169e-01
   1.8018950e-02   3.1666915e+00   9.9554481e-02
   1.8580540e-02   1.9327411e+00   8.7976136e-02
   1.9107700e-02   1.5286650e+00   7.8787933e-02
   1.9650390e-02   1.3017797e+00   6.9838169e-02
   2.0237060e-02   1.0872372e+00   6.2802934e-02
   2.0827130e-02   1.3673185e+00   6.1243803e-02
   2.1390100e-02   1.5072380e+00   6.1356099e-02
   2.1968180e-02   1.3162050e+00   5.8665387e-02
   2.2556530e-02   1.3874900e+00   5.9333091e-02
   2.3132000e-02   1.2601968e+00   5.6451558e-02
   2.3715830e-02   1.0723960e+00   5.4436448e-02
   2.4310450e-02   9.5743119e-01   5.0477154e-02
   2.4913840e-02   9.4520629e-01   4.7983789e-02
   2.5555250e-02   9.7414326e-01   4.4756775e-02
   2.6204000e-02   1.0968147e+00   4.5015419e-02
   2.6854130e-02   1.0239346e+00   4.2837123e-02
   2.7516240e-02   9.2318640e-01   4.2031732e-02
   2.8175240e-02   9.9533731e-01   3.9581432e-02
   2.8868320e-02   9.2196567e-01   3.7685006e-02
   2.9607990e-02   7.6360457e-01   3.6687048e-02
   3.0334410e-02   6.8394095e-01   3.8134137e-02
   3.1047270e-02   6.7396623e-01   4.0449941e-02
   3.1763680e-02   7.2207683e-01   4.3849752e-02
   3.2494230e-02   7.0805845e-01   4.5053594e-02
   3.3251100e-02   6.3992646e-01   4.7380220e-02
   3.4009260e-02   5.6945627e-01   4.8940390e-02
   3.4772870e-02   5.8077190e-01   5.1791105e-02
   3.5562360e-02   6.0925479e-01   5.4972914e-02
   3.6367870e-02   6.2285752e-01   5.9582101e-02
   3.7173640e-02   8.0053196e-01   6.5353529e-02
   3.8002500e-02   7.4150441e-01   7.1993185e-02
   3.8841600e-02   4.2843980e-01   7.8389326e-02
   3.9687370e-02   4.0410214e-01   1.0942393e-01
   4.0543830e-02   5.9945302e-01   1.8450803e-01
   4.1341710e-02   8.2693899e-01   1.6552713e-01
   4.2099430e-02   6.4530928e-01   3.2118432e-01
   4.3572810e-02   4.1622630e-01   1.0417546e-01
   4.5044000e-02   5.2031281e-01   1.1076692e-01
   4.6446730e-02   6.4341948e-01   3.3566171e-02
   4.8135700e-02   5.9300173e-01   3.1752345e-02
   4.9955020e-02   5.5431084e-01   2.7272598e-02
   5.1233480e-02   5.2557969e-01   2.6719376e-02
   5.2879860e-02   5.5625937e-01   3.2210031e-02
   5.4432690e-02   5.4722744e-01   3.0021982e-02
   5.5918540e-02   5.4026142e-01   2.3756839e-02
   5.7600770e-02   5.1432620e-01   2.6661881e-02
   5.9168300e-02   5.8958580e-01   2.5779969e-02
   6.0994170e-02   5.5813234e-01   1.9352760e-02
   6.2786910e-02   5.5487686e-01   2.1728750e-02
   6.4587260e-02   5.3478013e-01   2.2159464e-02
   6.6351400e-02   5.6493972e-01   1.8860290e-02
   6.8111210e-02   5.5191818e-01   2.0792085e-02
   6.9991610e-02   5.6104579e-01   2.2123770e-02
   7.1713760e-02   5.5311053e-01   1.8377752e-02
   7.3474520e-02   5.2937504e-01   1.9900363e-02
   7.5415250e-02   5.9958473e-01   1.9844409e-02
   7.7313940e-02   5.8249088e-01   1.5208940e-02
   7.9345300e-02   5.4074994e-01   1.8697513e-02
   8.1486400e-02   5.3017147e-01   1.5856728e-02
   8.3324560e-02   6.0088717e-01   1.6057204e-02
   8.5412800e-02   5.6694569e-01   1.7593853e-02
   8.7591420e-02   5.4427552e-01   1.4367116e-02
   8.9558830e-02   5.8130721e-01   1.6354548e-02
   9.1804350e-02   5.5455824e-01   1.5188811e-02
   9.3880370e-02   5.6031486e-01   1.3685467e-02
   9.6176660e-02   5.8166774e-01   1.5916731e-02
   9.8450500e-02   5.4665031e-01   1.3068754e-02
   1.0051043e-01   5.3745007e-01   1.5269281e-02
   1.0294981e-01   5.6909848e-01   1.3384029e-02
   1.0512391e-01   5.3125797e-01   1.3417897e-02
   1.0755278e-01   5.5364041e-01   1.3498687e-02
   1.0990883e-01   5.7270204e-01   1.1939256e-02
   1.1244154e-01   5.4053926e-01   1.2720963e-02
   1.1499993e-01   5.4888631e-01   1.1224742e-02
   1.1750239e-01   5.6278349e-01   1.2165546e-02
   1.2020322e-01   5.6790680e-01   1.0865228e-02
   1.2282100e-01   5.4039822e-01   1.1621975e-02
   1.2554282e-01   5.4234190e-01   1.0770847e-02
   1.2810408e-01   5.4551352e-01   1.1100536e-02
   1.3102353e-01   5.0740143e-01   1.0235154e-02
   1.3370214e-01   5.2400833e-01   1.0629570e-02
   1.3663349e-01   5.4060221e-01   9.7077240e-03
   1.3946530e-01   5.3416628e-01   1.0187883e-02
   1.4251987e-01   5.2359629e-01   9.0601918e-03
   1.4553400e-01   5.2224324e-01   9.7273276e-03
   1.4856066e-01   5.0838561e-01   8.7205810e-03
   1.5183509e-01   5.0891105e-01   9.0478579e-03
   1.5484856e-01   5.0402487e-01   8.5035016e-03
   1.5828075e-01   5.0620079e-01   8.5538144e-03
   1.6140872e-01   5.1939266e-01   8.3611349e-03
   1.6482463e-01   5.0948589e-01   8.0342104e-03
   1.6831944e-01   4.7369049e-01   7.9758079e-03
   1.7164852e-01   4.8599888e-01   7.6873030e-03
   1.7532467e-01   5.0156154e-01   7.6991968e-03
   1.7876744e-01   4.7740128e-01   7.4308848e-03
   1.8241077e-01   4.8431819e-01   7.0693697e-03
   1.8639341e-01   4.7709132e-01   7.0121669e-03
   1.9008794e-01   4.7243681e-01   6.9483250e-03
   1.9382503e-01   4.8500546e-01   6.7334911e-03
   1.9793047e-01   4.7281099e-01   6.6483524e-03
   2.0196078e-01   4.7596400e-01   6.4405967e-03
   2.0589023e-01   4.7763662e-01   6.3530080e-03
   2.1010643e-01   4.5202725e-01   6.0572559e-03
   2.1447847e-01   4.5063076e-01   5.9903202e-03
   2.1877480e-01   4.5910142e-01   5.9464878e-03
   2.2302420e-01   4.5393479e-01   5.8333853e-03
   2.2751415e-01   4.6330474e-01   5.6264673e-03
   2.3214025e-01   4.5871363e-01   5.4922791e-03
   2.3680051e-01   4.4905386e-01   5.3663159e-03
   2.4155418e-01   4.5457350e-01   5.3558966e-03
   2.4631334e-01   4.5509575e-01   5.2833579e-03
   2.5109113e-01   4.4466310e-01   5.1345435e-03
   2.5611512e-01   4.5309407e-01   4.9313448e-03
   2.6127861e-01   4.5460805e-01   4.8118211e-03
   2.6654021e-01   4.4573417e-01   4.6909277e-03
   2.7185319e-01   4.3480458e-01   4.6710102e-03
   2.7719600e-01   4.4254237e-01   4.5651052e-03
   2.8267257e-01   4.5233040e-01   4.5054335e-03
   2.8829269e-01   4.4702357e-01   4.3890680e-03
   2.9397450e-01   4.4537157e-01   4.3392303e-03
   2.9975375e-01   4.4667544e-01   4.2534545e-03
   3.0567867e-01   4.3611213e-01   4.1893100e-03
   3.1163605e-01   4.3530362e-01   4.1803670e-03
   3.1774468e-01   4.4107388e-01   4.1076506e-03
   3.2400374e-01   4.4083200e-01   4.0918868e-03
   3.3031886e-01   4.3438396e-01   4.0198344e-03
   3.3679567e-01   4.3899523e-01   3.9642177e-03
   3.4347727e-01   4.3529130e-01   3.9563330e-03
   3.5025256e-01   4.2927144e-01   3.9780271e-03
   3.5711088e-01   4.4238401e-01   4.0050456e-03
   3.6402107e-01   4.3295215e-01   4.0069713e-03
   3.7111563e-01   4.2950379e-01   3.9321097e-03
   3.7844949e-01   4.3716655e-01   3.9118524e-03
   3.8585516e-01   4.3126850e-01   3.9210559e-03
   3.9336977e-01   4.2589921e-01   3.8835089e-03
   4.0105392e-01   4.3073435e-01   3.8610767e-03
   4.0888170e-01   4.2665702e-01   3.8739777e-03
   4.1685032e-01   4.3406439e-01   3.8077432e-03
   4.2495624e-01   4.4057114e-01   3.8332925e-03
   4.3328380e-01   4.2520679e-01   3.7571951e-03
   4.4165071e-01   4.2551469e-01   3.7698750e-03
   4.5031574e-01   4.3760908e-01   3.7123753e-03
   4.5900486e-01   4.2874550e-01   3.7191592e-03
   4.6796546e-01   4.2524775e-01   3.6450557e-03
   4.7711386e-01   4.2809748e-01   3.6565202e-03
   4.8626432e-01   4.3376622e-01   3.6055339e-03
   4.9580203e-01   4.2823667e-01   3.5796713e-03
   5.0549565e-01   4.2340616e-01   3.5740569e-03
   5.1522328e-01   4.2621590e-01   3.5620783e-03
   5.2508621e-01   4.3517812e-01   3.5495880e-03
   5.3530281e-01   4.2640995e-01   3.4650644e-03
   5.4573432e-01   4.2058640e-01   3.4401717e-03
   5.5633493e-01   4.2454294e-01   3.5005341e-03
   5.6715525e-01   4.2518952e-01   3.5715045e-03
   5.7784791e-01   4.3721170e-01   4.0919310e-03
   5.8906605e-01   4.3012765e-01   4.6754460e-03
   6.0047680e-01   4.0764146e-01   5.4520621e-03
   6.1204215e-01   4.2494640e-01   7.0571922e-03
   6.2369515e-01   4.4657269e-01   2.9711068e-02
   6.3518401e-01   4.7377949e-01   5.9881117e-02
   6.4574395e-01   4.0959263e-01   1.4708660e-02
