   2.7217200e-03   3.9696854e+02   3.5893812e+00
   3.1947400e-03   2.9736766e+02   1.2691539e+01
   3.6696500e-03   7.3067517e+02   1.3957383e+01
   4.1432700e-03   1.6792746e+03   1.8852300e+01
   4.5822600e-03   2.4564436e+03   2.5974110e+01
   4.9827300e-03   2.5735264e+03   2.5199402e+01
   5.4291200e-03   2.0372033e+03   1.8383237e+01
   5.8870600e-03   1.1896241e+03   1.5255098e+01
   6.3032300e-03   3.0518536e+02   1.2097632e+01
   6.7149800e-03  -6.0722039e+01   7.8294396e+00
   7.1309000e-03  -9.4731039e+01   4.7711517e+00
   7.5570400e-03  -4.1255675e+01   2.8543200e+00
   8.0015700e-03  -1.6233816e+01   1.7920776e+00
   8.4631300e-03   3.8175647e+00   1.4122035e+00
   8.9171100e-03   1.7465931e+01   1.4562243e+00
   9.3607800e-03   3.3604476e+01   1.5805475e+00
   9.7989800e-03   4.0298373e+01   1.7091726e+00
   1.0230600e-02   4.0478771e+01   1.7565412e+00
   1.0656500e-02   3.6673894e+01   1.6674653e+00
   1.1091960e-02   2.7478525e+01   1.3381246e+00
   1.1570290e-02   1.8535160e+01   1.0534225e+00
   1.2039530e-02   1.2633576e+01   1.0125550e+00
   1.2475540e-02   5.3682487e+00   9.0624117e-01
   1.2925000e-02   5.0264002e+00   7.4398259e-01
   1.3379170e-02   3.3591282e+00   5.8703872e-01
   1.3885090e-02   3.4623584e+00   4.3980613e-01
   1.4431810e-02   6.0946680e+00   4.1630558e-01
   1.4979470e-02   6.6485643e+00   4.6292105e-01
   1.5499650e-02   8.5705116e+00   5.6510521e-01
   1.5981840e-02   8.3454579e+00   6.1381211e-01
   1.6466130e-02   7.0248530e+00   5.8102723e-01
   1.6959760e-02   6.9694874e+00   5.2552539e-01
   1.7466020e-02   4.9892797e+00   4.3125364e-01
   1.8018950e-02   3.5140033e+00   3.3645447e-01
   1.8580540e-02   2.7172055e+00   3.1935198e-01
   1.9107700e-02   1.9190193e+00   3.0251858e-01
   1.9650390e-02   1.1657386e+00   2.4464289e-01
   2.0237060e-02   1.9588865e+00   2.1291572e-01
   2.0827130e-02   1.3020769e+00   2.1936051e-01
   2.1390100e-02   1.8333948e+00   2.2670241e-01
   2.1968180e-02   1.9546010e+00   2.1509173e-01
   2.2556530e-02   1.5209597e+00   2.1625732e-01
   2.3132000e-02   2.0100125e+00   2.1575256e-01
   2.3715830e-02   9.6115645e-01   1.9873719e-01
   2.4310450e-02   1.2933357e+00   1.8714756e-01
   2.4913840e-02   1.1913911e+00   1.6924250e-01
   2.5555250e-02   9.9893140e-01   1.5394359e-01
   2.6204000e-02   1.1656172e+00   1.5481440e-01
   2.6854130e-02   1.3074637e+00   1.5273048e-01
   2.7516240e-02   1.1776492e+00   1.5159167e-01
   2.8175240e-02   1.2893361e+00   1.4141442e-01
   2.8868320e-02   8.4926024e-01   1.2244630e-01
   2.9607990e-02   8.2796015e-01   1.1642279e-01
   3.0334410e-02   7.8822070e-01   1.2764278e-01
   3.1047270e-02   7.6544390e-01   1.3909740e-01
   3.1763680e-02   7.1284292e-01   1.4690875e-01
   3.2494230e-02   6.7904428e-01   1.4855196e-01
   3.3251100e-02   6.1504766e-01   1.5498450e-01
   3.4009260e-02   7.0653079e-01   1.6831204e-01
   3.4772870e-02   6.0258596e-01   1.7569642e-01
   3.5562360e-02   8.3118762e-01   1.8159182e-01
   3.6367870e-02   4.8390774e-01   1.9684438e-01
   3.7173640e-02   9.7962580e-01   2.1256227e-01
   3.8002500e-02   7.8761217e-02   2.2816822e-01
   3.8841600e-02   1.2184419e+00   2.6984006e-01
   3.9687370e-02   5.4249851e-01   3.1027695e-01
   4.0543830e-02   2.2366950e-01   4.5598117e-01
   4.1341710e-02   3.2743004e-02   1.1289547e+00
   4.2099430e-02   2.1400391e+00   1.3996218e+00
   4.3572810e-02   1.4398989e-02   6.0272255e-01
   4.5044000e-02   5.5727320e-01   1.0752916e-01
   4.6446730e-02   3.9721873e-01   9.5448737e-02
   4.8135700e-02   6.4179239e-01   7.8769504e-02
   4.9955020e-02   5.4974355e-01   8.9533646e-02
   5.1233480e-02   5.3139528e-01   9.7196989e-02
   5.2879860e-02   5.3854634e-01   9.3515343e-02
   5.4432690e-02   5.0250492e-01   1.0292647e-01
   5.5918540e-02   6.3578504e-01   7.8809503e-02
   5.7600770e-02   5.0079016e-01   8.4690343e-02
   5.9168300e-02   4.7663904e-01   7.9497965e-02
   6.0994170e-02   5.7011994e-01   5.7656906e-02
   6.2786910e-02   5.7008993e-01   6.3886645e-02
   6.4587260e-02   4.7387030e-01   6.7713476e-02
   6.6351400e-02   5.1845535e-01   6.1578915e-02
   6.8111210e-02   5.6510551e-01   6.2986446e-02
   6.9991610e-02   5.4152799e-01   6.8722712e-02
   7.1713760e-02   5.5413424e-01   6.5985780e-02
   7.3474520e-02   5.6481726e-01   6.2839276e-02
   7.5415250e-02   5.5767380e-01   6.0023594e-02
   7.7313940e-02   5.5950424e-01   5.1590673e-02
   7.9345300e-02   5.5260848e-01   5.0615457e-02
   8.1486400e-02   4.7844494e-01   5.2899703e-02
   8.3324560e-02   5.9025205e-01   5.5032701e-02
   8.5412800e-02   5.8404406e-01   4.9742085e-02
   8.7591420e-02   5.1382284e-01   4.9008374e-02
   8.9558830e-02   5.5045352e-01   5.1168525e-02
   9.1804350e-02   5.3722328e-01   4.8037702e-02
   9.3880370e-02   6.1124416e-01   4.5801341e-02
   9.6176660e-02   5.2111551e-01   4.5234633e-02
   9.8450500e-02   5.8638427e-01   4.8186597e-02
   1.0051043e-01   5.1928116e-01   4.8145533e-02
   1.0294981e-01   5.7681987e-01   4.3539038e-02
   1.0512391e-01   5.6715266e-01   4.5101491e-02
   1.0755278e-01   4.8215810e-01   4.2287161e-02
   1.0990883e-01   5.8758566e-01   3.9541629e-02
   1.1244154e-01   5.4772490e-01   3.7944586e-02
   1.1499993e-01   4.8793687e-01   3.7740608e-02
   1.1750239e-01   6.1543082e-01   3.7694787e-02
   1.2020322e-01   5.1634726e-01   3.4651680e-02
   1.2282100e-01   5.1591897e-01   3.5914170e-02
   1.2554282e-01   5.3603378e-01   3.6610683e-02
   1.2810408e-01   5.1564609e-01   3.4717399e-02
   1.3102353e-01   4.9330441e-01   3.3259042e-02
   1.3370214e-01   5.8435369e-01   3.4526991e-02
   1.3663349e-01   4.8897700e-01   3.1943981e-02
   1.3946530e-01   5.1125371e-01   3.1853853e-02
   1.4251987e-01   5.4113778e-01   2.9099588e-02
   1.4553400e-01   4.4184773e-01   3.1035893e-02
   1.4856066e-01   5.3967402e-01   2.7820534e-02
   1.5183509e-01   4.7944233e-01   2.8775912e-02
   1.5484856e-01   4.7155965e-01   2.7300384e-02
   1.5828075e-01   4.8805501e-01   2.6963705e-02
   1.6140872e-01   5.1444685e-01   2.7759192e-02
   1.6482463e-01   4.6110602e-01   2.4461082e-02
   1.6831944e-01   4.8568475e-01   2.5948570e-02
   1.7164852e-01   4.3590865e-01   2.4515735e-02
   1.7532467e-01   4.7604563e-01   2.4277910e-02
   1.7876744e-01   4.8950829e-01   2.5271694e-02
   1.8241077e-01   4.5376638e-01   2.1174222e-02
   1.8639341e-01   4.0110324e-01   2.1252638e-02
   1.9008794e-01   4.8852315e-01   2.3708256e-02
   1.9382503e-01   4.3362831e-01   2.1116957e-02
   1.9793047e-01   4.5566983e-01   1.9755275e-02
   2.0196078e-01   4.1418804e-01   2.1127107e-02
   2.0589023e-01   4.1592416e-01   2.0527647e-02
   2.1010643e-01   5.0123062e-01   1.8542404e-02
   2.1447847e-01   4.0462339e-01   1.8434537e-02
   2.1877480e-01   4.0790477e-01   1.9408770e-02
   2.2302420e-01   4.1689769e-01   1.8746502e-02
   2.2751415e-01   4.3253662e-01   1.7335401e-02
   2.3214025e-01   4.2664724e-01   1.7041542e-02
   2.3680051e-01   4.2845360e-01   1.6814195e-02
   2.4155418e-01   4.0257916e-01   1.6730277e-02
   2.4631334e-01   4.3506304e-01   1.6992755e-02
   2.5109113e-01   3.8369569e-01   1.6247804e-02
   2.5611512e-01   4.1423436e-01   1.5125991e-02
   2.6127861e-01   4.1981493e-01   1.4737640e-02
   2.6654021e-01   4.0325329e-01   1.4522762e-02
   2.7185319e-01   3.9888994e-01   1.4664596e-02
   2.7719600e-01   4.2130333e-01   1.4393333e-02
   2.8267257e-01   3.7501840e-01   1.3840573e-02
   2.8829269e-01   4.2083663e-01   1.3594254e-02
   2.9397450e-01   3.9787535e-01   1.3510400e-02
   2.9975375e-01   3.8325692e-01   1.3113391e-02
   3.0567867e-01   4.0653933e-01   1.3068547e-02
   3.1163605e-01   4.0391938e-01   1.3097797e-02
   3.1774468e-01   3.7963766e-01   1.2718460e-02
   3.2400374e-01   3.9878950e-01   1.2709589e-02
   3.3031886e-01   4.0207197e-01   1.2644613e-02
   3.3679567e-01   3.9709845e-01   1.2205712e-02
   3.4347727e-01   3.7942914e-01   1.2085099e-02
   3.5025256e-01   3.8472388e-01   1.2294458e-02
   3.5711088e-01   3.9799090e-01   1.2562621e-02
   3.6402107e-01   3.9296485e-01   1.2604261e-02
   3.7111563e-01   3.8073704e-01   1.2125182e-02
   3.7844949e-01   3.9489265e-01   1.2024706e-02
   3.8585516e-01   3.9902844e-01   1.2241294e-02
   3.9336977e-01   3.6870701e-01   1.2093557e-02
   4.0105392e-01   3.9205900e-01   1.1974235e-02
   4.0888170e-01   3.9966231e-01   1.2002631e-02
   4.1685032e-01   3.6408424e-01   1.1852339e-02
   4.2495624e-01   3.9857812e-01   1.1732244e-02
   4.3328380e-01   3.6804574e-01   1.1700192e-02
   4.4165071e-01   3.9759065e-01   1.1634403e-02
   4.5031574e-01   3.8473878e-01   1.1493379e-02
   4.5900486e-01   3.6475267e-01   1.1507098e-02
   4.6796546e-01   3.9149879e-01   1.1189456e-02
   4.7711386e-01   3.9412539e-01   1.1394325e-02
   4.8626432e-01   3.6553551e-01   1.1200166e-02
   4.9580203e-01   3.7985770e-01   1.0868280e-02
   5.0549565e-01   3.8883006e-01   1.1062858e-02
   5.1522328e-01   3.7944821e-01   1.1265100e-02
   5.2508621e-01   3.8948148e-01   1.1038817e-02
   5.3530281e-01   3.8026868e-01   1.0656086e-02
   5.4573432e-01   3.7369440e-01   1.0603119e-02
   5.5633493e-01   3.8476318e-01   1.0514325e-02
   5.6715525e-01   3.7210037e-01   1.1092593e-02
   5.7784791e-01   3.9588575e-01   1.2607314e-02
   5.8906605e-01   3.5889003e-01   1.4103088e-02
   6.0047680e-01   4.0035834e-01   1.6488947e-02
   6.1204215e-01   3.7781491e-01   2.0035981e-02
   6.2369515e-01   3.8756893e-01   2.7660512e-02
   6.3518401e-01   4.6034894e-01   5.5354983e-02
   6.4574395e-01   3.5478770e-01   1.3500380e-02
