   2.7217200e-03   3.9696854e+02   3.5893812e+00
   3.1947400e-03   2.9736766e+02   1.2691539e+01
   3.6696500e-03   8.1846990e+02   4.9770140e+00
   4.1432700e-03   1.6538568e+03   6.1228198e+00
   4.5822600e-03   2.3583997e+03   7.1963674e+00
   4.9827300e-03   2.4838211e+03   7.2249934e+00
   5.4291200e-03   2.0178929e+03   6.0059186e+00
   5.8870600e-03   1.1859712e+03   4.9496805e+00
   6.3032300e-03   4.0751552e+02   3.5459855e+00
   6.7149800e-03  -1.4856695e+01   2.5700733e+00
   7.1309000e-03  -9.5432509e+01   1.6300121e+00
   7.5570400e-03  -5.7830286e+01   1.0037638e+00
   8.0015700e-03  -2.2770813e+01   6.3800116e-01
   8.4631300e-03  -4.6562471e-01   4.8010383e-01
   8.9171100e-03   1.6897248e+01   4.5470525e-01
   9.3607800e-03   3.1441512e+01   4.7153958e-01
   9.7989800e-03   3.9350749e+01   5.0232578e-01
   1.0230600e-02   4.0163699e+01   4.9861215e-01
   1.0656500e-02   3.5830480e+01   4.6514226e-01
   1.1091960e-02   2.7780967e+01   4.0822393e-01
   1.1570290e-02   1.9107028e+01   3.4015138e-01
   1.2039530e-02   1.2060803e+01   3.0262411e-01
   1.2475540e-02   6.7004979e+00   2.5585393e-01
   1.2925000e-02   4.4624730e+00   2.1784203e-01
   1.3379170e-02   3.5586241e+00   1.7862934e-01
   1.3885090e-02   3.8672187e+00   1.4548693e-01
   1.4431810e-02   5.5835437e+00   1.4408695e-01
   1.4979470e-02   6.9617155e+00   1.4743502e-01
   1.5499650e-02   8.1516595e+00   1.6615479e-01
   1.5981840e-02   8.1930162e+00   1.7076279e-01
   1.6466130e-02   7.3770341e+00   1.6761003e-01
   1.6959760e-02   6.5722001e+00   1.5054027e-01
   1.7466020e-02   5.1189768e+00   1.3169037e-01
   1.8018950e-02   3.6286295e+00   1.0969741e-01
   1.8580540e-02   2.6633020e+00   9.8117001e-02
   1.9107700e-02   1.8800532e+00   8.6436549e-02
   1.9650390e-02   1.4689966e+00   7.5907546e-02
   2.0237060e-02   1.6154288e+00   7.0037310e-02
   2.0827130e-02   1.5541191e+00   6.6157061e-02
   2.1390100e-02   1.7345339e+00   6.6664146e-02
   2.1968180e-02   1.8416938e+00   6.5382152e-02
   2.2556530e-02   1.7381098e+00   6.4288131e-02
   2.3132000e-02   1.6668052e+00   6.2825093e-02
   2.3715830e-02   1.2673357e+00   5.8457575e-02
   2.4310450e-02   1.1860544e+00   5.4979124e-02
   2.4913840e-02   1.1662415e+00   5.1249814e-02
   2.5555250e-02   1.0697795e+00   4.7517912e-02
   2.6204000e-02   1.1577236e+00   4.7237311e-02
   2.6854130e-02   1.2524306e+00   4.5642099e-02
   2.7516240e-02   1.2416518e+00   4.4952414e-02
   2.8175240e-02   1.1701208e+00   4.1792056e-02
   2.8868320e-02   9.3933185e-01   3.8962855e-02
   2.9607990e-02   8.1710523e-01   3.7867808e-02
   3.0334410e-02   7.8811893e-01   3.9104811e-02
   3.1047270e-02   7.5685057e-01   4.1292742e-02
   3.1763680e-02   7.1556019e-01   4.3983100e-02
   3.2494230e-02   6.6938624e-01   4.5126968e-02
   3.3251100e-02   6.4680454e-01   4.7548773e-02
   3.4009260e-02   6.6019344e-01   5.0134811e-02
   3.4772870e-02   6.7847115e-01   5.2785197e-02
   3.5562360e-02   7.0382351e-01   5.6009139e-02
   3.6367870e-02   6.7651565e-01   5.9036493e-02
   3.7173640e-02   6.6417478e-01   6.5654716e-02
   3.8002500e-02   5.3229740e-01   6.8760941e-02
   3.8841600e-02   8.1803666e-01   8.3881975e-02
   3.9687370e-02   6.3569464e-01   1.0802919e-01
   4.0543830e-02   2.3513020e-01   2.2698781e-01
   4.1341710e-02   6.5083528e-01   1.5542525e-01
   4.2099430e-02   1.2490906e+00   4.3363500e-01
   4.3572810e-02   5.7676931e-01   9.9214491e-02
   4.5044000e-02   3.7968923e-01   1.4845701e-01
   4.6446730e-02   4.8600657e-01   3.1573511e-02
   4.8135700e-02   5.7724071e-01   3.1110735e-02
   4.9955020e-02   5.6870947e-01   2.6355807e-02
   5.1233480e-02   5.3715112e-01   2.6351950e-02
   5.2879860e-02   5.2788420e-01   3.1311557e-02
   5.4432690e-02   5.4233842e-01   2.9562523e-02
   5.5918540e-02   5.7841895e-01   2.3192013e-02
   5.7600770e-02   5.2252697e-01   2.6295233e-02
   5.9168300e-02   5.0054246e-01   2.4413582e-02
   6.0994170e-02   5.5230300e-01   1.8943199e-02
   6.2786910e-02   5.5101032e-01   2.0905625e-02
   6.4587260e-02   5.0345663e-01   2.1481014e-02
   6.6351400e-02   5.1740806e-01   1.8122709e-02
   6.8111210e-02   5.5025509e-01   2.0309851e-02
   6.9991610e-02   5.5018941e-01   2.1592285e-02
   7.1713760e-02   5.5387616e-01   1.7943852e-02
   7.3474520e-02   5.6147874e-01   1.9696031e-02
   7.5415250e-02   5.6023436e-01   1.9178060e-02
   7.7313940e-02   5.5823563e-01   1.4868993e-02
   7.9345300e-02   5.3835069e-01   1.8160131e-02
   8.1486400e-02   5.1893396e-01   1.5484159e-02
   8.3324560e-02   5.6257045e-01   1.5515245e-02
   8.5412800e-02   5.7211926e-01   1.7214875e-02
   8.7591420e-02   5.3726995e-01   1.4004804e-02
   8.9558830e-02   5.3764996e-01   1.5856191e-02
   9.1804350e-02   5.5770843e-01   1.4881703e-02
   9.3880370e-02   5.7519058e-01   1.3469323e-02
   9.6176660e-02   5.5466646e-01   1.5531577e-02
   9.8450500e-02   5.5501642e-01   1.2899969e-02
   1.0051043e-01   5.4718633e-01   1.5054686e-02
   1.0294981e-01   5.6325626e-01   1.3111493e-02
   1.0512391e-01   5.5103548e-01   1.3280541e-02
   1.0755278e-01   5.2342009e-01   1.3124853e-02
   1.0990883e-01   5.5505933e-01   1.1666356e-02
   1.1244154e-01   5.4345708e-01   1.2471306e-02
   1.1499993e-01   5.3001273e-01   1.0887481e-02
   1.1750239e-01   5.6620564e-01   1.1939356e-02
   1.2020322e-01   5.3841549e-01   1.0501670e-02
   1.2282100e-01   5.1923727e-01   1.1299067e-02
   1.2554282e-01   5.2664103e-01   1.0475411e-02
   1.2810408e-01   5.1494891e-01   1.0770418e-02
   1.3102353e-01   5.1902902e-01   1.0029915e-02
   1.3370214e-01   5.4322532e-01   1.0433514e-02
   1.3663349e-01   5.1492359e-01   9.4400138e-03
   1.3946530e-01   5.1274983e-01   9.8865694e-03
   1.4251987e-01   5.1288826e-01   8.8235467e-03
   1.4553400e-01   4.8642452e-01   9.3517549e-03
   1.4856066e-01   5.0491246e-01   8.4941233e-03
   1.5183509e-01   4.9087184e-01   8.7267241e-03
   1.5484856e-01   4.7591872e-01   8.2147179e-03
   1.5828075e-01   4.9090255e-01   8.2571602e-03
   1.6140872e-01   4.9709062e-01   8.0772997e-03
   1.6482463e-01   4.7824404e-01   7.7134197e-03
   1.6831944e-01   4.6802105e-01   7.7265497e-03
   1.7164852e-01   4.5533833e-01   7.3853000e-03
   1.7532467e-01   4.7054583e-01   7.3950408e-03
   1.7876744e-01   4.7932704e-01   7.1879481e-03
   1.8241077e-01   4.4978866e-01   6.7603373e-03
   1.8639341e-01   4.3043883e-01   6.6745223e-03
   1.9008794e-01   4.5515301e-01   6.6643779e-03
   1.9382503e-01   4.5152695e-01   6.3888578e-03
   1.9793047e-01   4.4169478e-01   6.3413285e-03
   2.0196078e-01   4.2318467e-01   6.1056549e-03
   2.0589023e-01   4.3500972e-01   6.0303104e-03
   2.1010643e-01   4.6305587e-01   5.8369802e-03
   2.1447847e-01   4.2729202e-01   5.7058156e-03
   2.1877480e-01   4.0771204e-01   5.6398507e-03
   2.2302420e-01   4.1800774e-01   5.5405821e-03
   2.2751415e-01   4.2808640e-01   5.3338075e-03
   2.3214025e-01   4.2889339e-01   5.2121023e-03
   2.3680051e-01   4.2244141e-01   5.0971132e-03
   2.4155418e-01   4.1564544e-01   5.0577011e-03
   2.4631334e-01   4.1591968e-01   4.9897226e-03
   2.5109113e-01   4.0172361e-01   4.8322546e-03
   2.5611512e-01   4.0856283e-01   4.6365653e-03
   2.6127861e-01   4.1535101e-01   4.5324849e-03
   2.6654021e-01   4.0597523e-01   4.4115798e-03
   2.7185319e-01   4.0489279e-01   4.4013766e-03
   2.7719600e-01   4.0582613e-01   4.2960637e-03
   2.8267257e-01   3.9536090e-01   4.2052930e-03
   2.8829269e-01   4.0554391e-01   4.1140150e-03
   2.9397450e-01   3.9992222e-01   4.0572461e-03
   2.9975375e-01   3.9129270e-01   3.9678498e-03
   3.0567867e-01   4.0088472e-01   3.9296827e-03
   3.1163605e-01   3.9925345e-01   3.9167763e-03
   3.1774468e-01   3.8899339e-01   3.8396323e-03
   3.2400374e-01   3.9515291e-01   3.8268402e-03
   3.3031886e-01   4.0069292e-01   3.7706371e-03
   3.3679567e-01   3.9438486e-01   3.7058726e-03
   3.4347727e-01   3.8411183e-01   3.6893712e-03
   3.5025256e-01   3.8613443e-01   3.7218186e-03
   3.5711088e-01   3.9409113e-01   3.7339960e-03
   3.6402107e-01   3.9143805e-01   3.7517047e-03
   3.7111563e-01   3.8645434e-01   3.6747961e-03
   3.7844949e-01   3.9287292e-01   3.6571511e-03
   3.8585516e-01   3.9149381e-01   3.6712718e-03
   3.9336977e-01   3.8041418e-01   3.6286096e-03
   4.0105392e-01   3.8857686e-01   3.6054605e-03
   4.0888170e-01   3.9025581e-01   3.6240481e-03
   4.1685032e-01   3.7968038e-01   3.5360000e-03
   4.2495624e-01   3.8380615e-01   3.5656713e-03
   4.3328380e-01   3.8158623e-01   3.4929467e-03
   4.4165071e-01   3.8826087e-01   3.5176145e-03
   4.5031574e-01   3.8317222e-01   3.4450370e-03
   4.5900486e-01   3.7482940e-01   3.4566548e-03
   4.6796546e-01   3.8628304e-01   3.3925577e-03
   4.7711386e-01   3.8743579e-01   3.4083172e-03
   4.8626432e-01   3.7486083e-01   3.3412076e-03
   4.9580203e-01   3.7837431e-01   3.3316638e-03
   5.0549565e-01   3.8488520e-01   3.3295585e-03
   5.1522328e-01   3.8402466e-01   3.3211833e-03
   5.2508621e-01   3.8533573e-01   3.3030109e-03
   5.3530281e-01   3.8083629e-01   3.2279906e-03
   5.4573432e-01   3.7745263e-01   3.2045755e-03
   5.5633493e-01   3.7932627e-01   3.2586288e-03
   5.6715525e-01   3.8044324e-01   3.3229126e-03
   5.7784791e-01   3.8206352e-01   3.8142858e-03
   5.8906605e-01   3.7619853e-01   4.3426208e-03
   6.0047680e-01   3.8602506e-01   5.1196934e-03
   6.1204215e-01   3.8542548e-01   6.5820120e-03
   6.2369515e-01   3.8756893e-01   2.7660512e-02
   6.3518401e-01   4.6034894e-01   5.5354983e-02
   6.4574395e-01   3.5478770e-01   1.3500380e-02
