   1.6783700e-03   9.9206062e+02   9.2080507e+00
   1.8929300e-03   9.7916920e+02   3.6424603e+01
   2.1146600e-03   8.8639281e+02   9.4367261e+00
   2.3251900e-03   8.4025304e+02   8.2544352e+00
   2.5238900e-03   8.0140442e+02   7.6900331e+00
   2.7264400e-03   7.6458206e+02   6.6578870e+00
   2.9309200e-03   6.9865201e+02   5.6589121e+00
   3.1618300e-03   6.1865254e+02   4.4958227e+00
   3.4163900e-03   5.4234834e+02   3.8243223e+00
   3.6535800e-03   4.7926422e+02   3.4115979e+00
   3.8938200e-03   4.1624359e+02   2.8985335e+00
   4.1541600e-03   3.4764223e+02   2.5735512e+00
   4.4146500e-03   2.8861892e+02   2.2946354e+00
   4.6525800e-03   2.3641834e+02   2.1907672e+00
   4.8790800e-03   1.8784439e+02   1.9558197e+00
   5.1146400e-03   1.5493837e+02   1.7143976e+00
   5.3623500e-03   1.2565395e+02   1.4336654e+00
   5.6063500e-03   9.2488553e+01   1.2564178e+00
   5.8447000e-03   6.8816900e+01   1.0742835e+00
   6.0916900e-03   4.8687089e+01   9.2683260e-01
   6.3326200e-03   3.2473931e+01   7.7657863e-01
   6.5664000e-03   2.2800309e+01   6.4453656e-01
   6.8224300e-03   1.3628273e+01   4.9243328e-01
   7.0875800e-03   7.5900755e+00   4.0148905e-01
   7.3447100e-03   4.2204498e+00   3.1628588e-01
   7.6014700e-03   2.6717731e+00   2.6879472e-01
   7.8695100e-03   1.8578840e+00   2.2489233e-01
   8.1507000e-03   1.7441171e+00   2.1197066e-01
   8.4220500e-03   3.0065199e+00   2.1672823e-01
   8.6829800e-03   4.7086345e+00   2.3320417e-01
   8.9481700e-03   5.8915971e+00   2.3597998e-01
   9.2155900e-03   5.9808055e+00   2.3843889e-01
   9.5018300e-03   6.6769978e+00   2.2742367e-01
   9.7941800e-03   7.4772908e+00   2.3727257e-01
   1.0069740e-02   7.7737760e+00   2.3436570e-01
   1.0353630e-02   7.0250521e+00   2.2334928e-01
   1.0652880e-02   6.1916216e+00   2.0673034e-01
   1.0948780e-02   5.4804648e+00   1.9513912e-01
   1.1247970e-02   4.4640565e+00   1.7170108e-01
   1.1562830e-02   3.5888274e+00   1.5670503e-01
   1.1888950e-02   2.5926569e+00   1.3698048e-01
   1.2210650e-02   1.9247282e+00   1.2929028e-01
   1.2527240e-02   1.2708647e+00   1.1886826e-01
   1.2864320e-02   9.8380917e-01   1.0730594e-01
   1.3199830e-02   1.1303925e+00   1.0488394e-01
   1.3521170e-02   1.0628214e+00   1.0323349e-01
   1.3863540e-02   1.3470305e+00   1.0118436e-01
   1.4215570e-02   1.5842722e+00   1.0337776e-01
   1.4554410e-02   1.6010274e+00   1.0323313e-01
   1.4904520e-02   1.4771440e+00   1.0458592e-01
   1.5267470e-02   1.7132920e+00   1.0472455e-01
   1.5629920e-02   1.8787037e+00   1.0524053e-01
   1.5998810e-02   1.8837595e+00   1.1145002e-01
   1.6372960e-02   1.6712247e+00   1.1748168e-01
   1.6751470e-02   1.2726734e+00   1.2130032e-01
   1.7138840e-02   1.1206809e+00   1.2033080e-01
   1.7533750e-02   1.1115094e+00   1.2706704e-01
   1.7939780e-02   7.8088736e-01   1.2531535e-01
   1.8350390e-02   1.0392950e+00   1.2810783e-01
   1.8765720e-02   6.9107162e-01   1.4319129e-01
   1.9188210e-02   4.7301709e-01   1.5659567e-01
   1.9619630e-02   1.0380069e+00   1.6163414e-01
   2.0054290e-02   8.2140647e-01   1.9933740e-01
   2.0496790e-02   6.0428101e-01   2.1854294e-01
   2.0937060e-02   1.0328736e+00   3.0857786e-01
   2.1384150e-02   6.7464011e-01   3.9424280e-01
   2.1833090e-02  -1.8619343e-01   4.2596938e-01
   2.2254910e-02   7.0890045e-01   5.0100074e-01
   2.2919340e-02   1.1947705e+00   2.9476122e-01
   2.3525890e-02   7.0891870e-01   2.2188187e-01
   2.4258310e-02   4.8862547e-01   6.4752791e-02
   2.5140230e-02   5.3221437e-01   5.1496108e-02
   2.6090430e-02   6.6911386e-01   4.6080727e-02
   2.6758010e-02   6.0894816e-01   4.9094343e-02
   2.7575200e-02   4.3991923e-01   5.7808008e-02
   2.8236650e-02   5.8411515e-01   5.6418545e-02
   2.9050630e-02   6.3706718e-01   3.9692141e-02
   2.9884550e-02   5.5002969e-01   4.0188292e-02
   3.0870610e-02   5.9692194e-01   3.5444876e-02
   3.1883360e-02   5.6524015e-01   3.0956151e-02
   3.2795690e-02   5.2271320e-01   3.4240337e-02
   3.3651520e-02   4.7871071e-01   3.9335719e-02
   3.4574120e-02   5.7198781e-01   3.1186761e-02
   3.5472640e-02   5.6225733e-01   3.5005235e-02
   3.6419380e-02   6.0566198e-01   3.4672619e-02
   3.7397290e-02   5.6402332e-01   3.0334505e-02
   3.8227670e-02   4.7713927e-01   3.1162876e-02
   3.9200040e-02   4.8420272e-01   3.0473731e-02
   4.0267640e-02   5.6463157e-01   2.3034800e-02
   4.1367190e-02   6.0680256e-01   2.7690332e-02
   4.2525330e-02   5.2872620e-01   2.6165022e-02
   4.3404720e-02   4.8277885e-01   2.5735697e-02
   4.4433780e-02   5.0030618e-01   2.7489929e-02
   4.5569820e-02   5.2241441e-01   2.3529441e-02
   4.6620950e-02   5.6002096e-01   2.2391926e-02
   4.7822890e-02   4.8575790e-01   2.3969997e-02
   4.8940830e-02   5.3987020e-01   1.9884909e-02
   5.0166990e-02   5.5330381e-01   2.4464729e-02
   5.1323550e-02   4.7837110e-01   2.0393457e-02
   5.2417940e-02   4.6185470e-01   2.2506499e-02
   5.3700040e-02   5.2262324e-01   2.2422321e-02
   5.4788280e-02   5.2151550e-01   2.0692749e-02
   5.6003720e-02   5.0256623e-01   2.2842218e-02
   5.7191730e-02   4.8799914e-01   1.8423781e-02
   5.8516320e-02   5.3000881e-01   1.9351145e-02
   5.9960020e-02   5.2358529e-01   1.6697297e-02
   6.1225430e-02   5.1309490e-01   1.8667764e-02
   6.2667220e-02   5.1825911e-01   1.6172507e-02
   6.4068150e-02   5.2310009e-01   1.7917588e-02
   6.5518660e-02   5.0942348e-01   1.6741500e-02
   6.6834460e-02   5.0845665e-01   1.7573605e-02
   6.8308110e-02   5.1291916e-01   1.6773738e-02
   6.9729570e-02   5.2244846e-01   1.6189262e-02
   7.1282630e-02   5.0292203e-01   1.5596853e-02
   7.2759060e-02   5.0527865e-01   1.5432244e-02
   7.4383050e-02   5.3619849e-01   1.4988778e-02
   7.5924760e-02   4.9858527e-01   1.5537057e-02
   7.7456720e-02   5.1028675e-01   1.4366579e-02
   7.9152480e-02   5.1376641e-01   1.4342862e-02
   8.0786800e-02   5.2835570e-01   1.3622272e-02
   8.2544470e-02   4.9098533e-01   1.3985186e-02
   8.4155650e-02   5.0076545e-01   1.3677894e-02
   8.5972800e-02   5.1456017e-01   1.3296588e-02
   8.7706250e-02   5.0592685e-01   1.3592917e-02
   8.9450440e-02   5.0716143e-01   1.2343895e-02
   9.1415810e-02   5.0644955e-01   1.2616824e-02
   9.3241010e-02   5.2359263e-01   1.1982525e-02
   9.5137960e-02   5.2478576e-01   1.2011951e-02
   9.7191700e-02   5.0698897e-01   1.1687357e-02
   9.9072180e-02   4.9818481e-01   1.1756641e-02
   1.0107387e-01   5.0385142e-01   1.1124915e-02
   1.0321866e-01   5.0487526e-01   1.1223439e-02
   1.0526029e-01   5.1853633e-01   1.0810590e-02
   1.0736591e-01   5.3810734e-01   1.0673876e-02
   1.0960245e-01   5.0276464e-01   1.0347130e-02
   1.1181770e-01   5.1962205e-01   1.0370381e-02
   1.1402125e-01   5.2158422e-01   1.0218605e-02
   1.1627293e-01   4.9322606e-01   9.7750263e-03
   1.1864766e-01   5.0831631e-01   9.4679292e-03
   1.2108784e-01   5.2307085e-01   9.2238509e-03
   1.2352229e-01   5.1212425e-01   9.3632363e-03
   1.2594785e-01   4.9410238e-01   9.1314625e-03
   1.2837363e-01   5.1307033e-01   9.1681725e-03
   1.3090891e-01   5.0844500e-01   8.5389001e-03
   1.3355842e-01   5.1062579e-01   8.3987602e-03
   1.3625455e-01   5.0670021e-01   8.0943195e-03
   1.3901428e-01   5.1195814e-01   8.1059271e-03
   1.4173130e-01   5.2037931e-01   8.0859588e-03
   1.4451538e-01   4.9843832e-01   7.7502781e-03
   1.4740589e-01   4.9081605e-01   7.6183790e-03
   1.5034654e-01   5.0447686e-01   7.4108132e-03
   1.5331398e-01   5.0934713e-01   7.4337707e-03
   1.5632392e-01   5.0599907e-01   7.2432658e-03
   1.5938311e-01   5.2800067e-01   7.2833065e-03
   1.6250607e-01   4.9924846e-01   7.0924577e-03
   1.6571816e-01   4.9161745e-01   7.0526745e-03
   1.6892924e-01   5.1860830e-01   7.0391450e-03
   1.7225442e-01   5.0938965e-01   6.8869845e-03
   1.7562111e-01   4.9493345e-01   6.8736666e-03
   1.7906112e-01   5.2011286e-01   6.8061635e-03
   1.8260599e-01   5.1494439e-01   6.8428465e-03
   1.8618836e-01   5.0914576e-01   6.8414801e-03
   1.8979805e-01   4.9879654e-01   6.8220985e-03
   1.9351739e-01   5.0182071e-01   6.7387833e-03
   1.9734449e-01   4.9893545e-01   6.6804808e-03
   2.0122145e-01   5.0773184e-01   6.7682824e-03
   2.0509745e-01   5.0923818e-01   6.7693507e-03
   2.0909340e-01   5.0162809e-01   6.6245184e-03
   2.1318848e-01   5.1008021e-01   6.7085975e-03
   2.1735228e-01   5.0922458e-01   6.5650017e-03
   2.2156870e-01   5.0071888e-01   6.5759348e-03
   2.2589656e-01   5.1009024e-01   6.4972909e-03
   2.3028897e-01   5.1158787e-01   6.4695937e-03
   2.3481682e-01   5.0057661e-01   6.4005538e-03
   2.3931782e-01   5.0651358e-01   6.4788170e-03
   2.4399259e-01   5.1279184e-01   6.3207416e-03
   2.4869816e-01   5.1700035e-01   6.3633735e-03
   2.5353284e-01   5.1629738e-01   6.1617956e-03
   2.5853466e-01   5.1537680e-01   6.2164428e-03
   2.6354365e-01   4.9720700e-01   6.1020312e-03
   2.6860831e-01   4.8675445e-01   6.0977487e-03
   2.7380787e-01   5.0818482e-01   6.0194159e-03
   2.7916736e-01   5.1517002e-01   5.9598917e-03
   2.8458158e-01   5.0417853e-01   5.9183527e-03
   2.9009959e-01   5.1243263e-01   6.0517284e-03
   2.9574946e-01   5.0648400e-01   6.1717463e-03
   3.0128049e-01   5.0277578e-01   6.9669655e-03
   3.0712435e-01   5.2663110e-01   8.0352736e-03
   3.1306903e-01   5.1989057e-01   9.2118405e-03
   3.1912319e-01   4.9622565e-01   1.1859068e-02
   3.2524168e-01   4.1107410e-01   4.8412804e-02
   3.3131426e-01   4.7050252e-01   9.5632628e-02
   3.3699068e-01   5.5142796e-01   2.4605050e-02
