   1.6783700e-03   9.9206062e+02   9.2080507e+00
   1.8929300e-03   9.7916920e+02   3.6424603e+01
   2.1146600e-03   8.6174245e+02   2.8392982e+01
   2.3251900e-03   8.4666908e+02   5.5427971e+00
   2.5238900e-03   7.9880408e+02   4.9559674e+00
   2.7264400e-03   7.5980169e+02   4.3067158e+00
   2.9309200e-03   6.9526933e+02   3.9186032e+00
   3.1618300e-03   6.2226643e+02   3.1484115e+00
   3.4163900e-03   5.4379567e+02   2.7434556e+00
   3.6535800e-03   4.7869287e+02   2.5598319e+00
   3.8938200e-03   4.1554720e+02   2.1243755e+00
   4.1541600e-03   3.4850575e+02   1.8590524e+00
   4.4146500e-03   2.8781383e+02   1.6594490e+00
   4.6525800e-03   2.3594773e+02   1.5425635e+00
   4.8790800e-03   1.9083302e+02   1.3386114e+00
   5.1146400e-03   1.5496982e+02   1.1682083e+00
   5.3623500e-03   1.2365149e+02   9.9436537e-01
   5.6063500e-03   9.2954957e+01   8.8039105e-01
   5.8447000e-03   6.9345398e+01   7.3993367e-01
   6.0916900e-03   4.8452565e+01   6.1416075e-01
   6.3326200e-03   3.3005355e+01   5.2982064e-01
   6.5664000e-03   2.2669557e+01   4.4159128e-01
   6.8224300e-03   1.3434408e+01   3.3326502e-01
   7.0875800e-03   7.8242723e+00   2.7913121e-01
   7.3447100e-03   4.1178893e+00   2.2225803e-01
   7.6014700e-03   2.5256925e+00   1.8555743e-01
   7.8695100e-03   1.7542517e+00   1.5761229e-01
   8.1507000e-03   1.8520752e+00   1.4643799e-01
   8.4220500e-03   3.0779332e+00   1.4964491e-01
   8.6829800e-03   4.4069445e+00   1.5567667e-01
   8.9481700e-03   5.6949830e+00   1.5947234e-01
   9.2155900e-03   6.0546605e+00   1.6401041e-01
   9.5018300e-03   6.8585637e+00   1.5373187e-01
   9.7941800e-03   7.3249205e+00   1.6239971e-01
   1.0069740e-02   7.6079897e+00   1.6217155e-01
   1.0353630e-02   7.0380246e+00   1.4884399e-01
   1.0652880e-02   6.2573826e+00   1.3979079e-01
   1.0948780e-02   5.4617962e+00   1.3515917e-01
   1.1247970e-02   4.4536856e+00   1.1906743e-01
   1.1562830e-02   3.6183800e+00   1.0827991e-01
   1.1888950e-02   2.5892732e+00   9.4737484e-02
   1.2210650e-02   1.9289702e+00   9.0825318e-02
   1.2527240e-02   1.3302871e+00   8.2990215e-02
   1.2864320e-02   1.0253923e+00   7.1638717e-02
   1.3199830e-02   1.1009512e+00   7.2252285e-02
   1.3521170e-02   1.0724990e+00   7.1443368e-02
   1.3863540e-02   1.3779654e+00   6.7881149e-02
   1.4215570e-02   1.4745652e+00   7.0630806e-02
   1.4554410e-02   1.6102715e+00   7.0824650e-02
   1.4904520e-02   1.5360317e+00   7.0930118e-02
   1.5267470e-02   1.7421665e+00   7.1547848e-02
   1.5629920e-02   1.8226155e+00   7.1832433e-02
   1.5998810e-02   1.8472990e+00   7.5780121e-02
   1.6372960e-02   1.6204902e+00   8.0986189e-02
   1.6751470e-02   1.3712813e+00   8.2617908e-02
   1.7138840e-02   1.0957384e+00   8.2256822e-02
   1.7533750e-02   1.1186218e+00   8.8600879e-02
   1.7939780e-02   8.2376414e-01   8.6173993e-02
   1.8350390e-02   9.4410761e-01   8.6623513e-02
   1.8765720e-02   7.1372543e-01   9.9663886e-02
   1.9188210e-02   6.2872394e-01   1.0680513e-01
   1.9619630e-02   8.9295990e-01   1.1270688e-01
   2.0054290e-02   7.8082645e-01   1.3723054e-01
   2.0496790e-02   8.1428609e-01   1.4980522e-01
   2.0937060e-02   7.3972309e-01   2.0202427e-01
   2.1384150e-02   6.6280852e-01   2.2763034e-01
   2.1833090e-02   1.0532251e-01   3.1380385e-01
   2.2254910e-02   6.9855903e-01   3.5537854e-01
   2.2919340e-02   7.5511420e-01   1.1964572e-01
   2.3525890e-02   8.2199466e-01   1.0421066e-01
   2.4258310e-02   5.4461869e-01   9.8267341e-02
   2.5140230e-02   5.6344728e-01   4.1551240e-02
   2.6090430e-02   6.0575823e-01   3.3298792e-02
   2.6758010e-02   5.9776506e-01   3.1004850e-02
   2.7575200e-02   5.1295740e-01   3.7527737e-02
   2.8236650e-02   5.7036992e-01   3.8480436e-02
   2.9050630e-02   6.0312871e-01   2.4839584e-02
   2.9884550e-02   5.6689139e-01   2.9887956e-02
   3.0870610e-02   6.0105426e-01   2.7718869e-02
   3.1883360e-02   5.3824962e-01   2.1629974e-02
   3.2795690e-02   5.4754168e-01   2.4961709e-02
   3.3651520e-02   4.8613477e-01   2.7753018e-02
   3.4574120e-02   5.7375168e-01   2.0583659e-02
   3.5472640e-02   5.5160910e-01   2.4905097e-02
   3.6419380e-02   5.9924562e-01   2.4096918e-02
   3.7397290e-02   5.4306552e-01   1.9590435e-02
   3.8227670e-02   5.0496762e-01   2.1637186e-02
   3.9200040e-02   5.0515521e-01   2.1458318e-02
   4.0267640e-02   5.5258900e-01   1.6922040e-02
   4.1367190e-02   5.7996690e-01   1.9985423e-02
   4.2525330e-02   5.3605027e-01   1.8253675e-02
   4.3404720e-02   4.9661605e-01   1.7537841e-02
   4.4433780e-02   5.1302367e-01   1.8249090e-02
   4.5569820e-02   5.0679675e-01   1.6684631e-02
   4.6620950e-02   5.5362147e-01   1.5866667e-02
   4.7822890e-02   4.9909758e-01   1.7061079e-02
   4.8940830e-02   5.4418226e-01   1.4300054e-02
   5.0166990e-02   5.2131571e-01   1.6707512e-02
   5.1323550e-02   4.9899704e-01   1.4572125e-02
   5.2417940e-02   4.7587936e-01   1.4875351e-02
   5.3700040e-02   5.1451394e-01   1.5140665e-02
   5.4788280e-02   5.0564951e-01   1.3921791e-02
   5.6003720e-02   5.1443936e-01   1.5105730e-02
   5.7191730e-02   4.9248255e-01   1.3208637e-02
   5.8516320e-02   5.2617060e-01   1.3061739e-02
   5.9960020e-02   5.1624145e-01   1.2142863e-02
   6.1225430e-02   5.2175065e-01   1.3292751e-02
   6.2667220e-02   5.1530633e-01   1.1347895e-02
   6.4068150e-02   5.2128687e-01   1.2379581e-02
   6.5518660e-02   5.0959054e-01   1.1653312e-02
   6.6834460e-02   5.1321835e-01   1.1868006e-02
   6.8308110e-02   5.1141442e-01   1.1451964e-02
   6.9729570e-02   5.1537996e-01   1.1093150e-02
   7.1282630e-02   5.1206790e-01   1.0869195e-02
   7.2759060e-02   5.0435618e-01   1.0702471e-02
   7.4383050e-02   5.3025740e-01   1.0113693e-02
   7.5924760e-02   4.9732909e-01   1.0842643e-02
   7.7456720e-02   5.2277303e-01   9.7176154e-03
   7.9152480e-02   5.0302637e-01   9.8531960e-03
   8.0786800e-02   5.2650981e-01   9.3714553e-03
   8.2544470e-02   4.9442471e-01   9.6491088e-03
   8.4155650e-02   5.0701926e-01   9.3715786e-03
   8.5972800e-02   5.0692729e-01   8.7925407e-03
   8.7706250e-02   5.0673172e-01   9.5606287e-03
   8.9450440e-02   5.0956877e-01   8.3316142e-03
   9.1415810e-02   5.0880692e-01   8.5250080e-03
   9.3241010e-02   5.2146635e-01   8.5530604e-03
   9.5137960e-02   5.1882229e-01   8.0086077e-03
   9.7191700e-02   5.0972454e-01   7.9685125e-03
   9.9072180e-02   5.0164773e-01   8.2025793e-03
   1.0107387e-01   5.0167150e-01   7.4420243e-03
   1.0321866e-01   5.1125751e-01   7.6399049e-03
   1.0526029e-01   5.1402528e-01   7.5349726e-03
   1.0736591e-01   5.3195571e-01   7.2432706e-03
   1.0960245e-01   5.0947708e-01   7.0511718e-03
   1.1181770e-01   5.1968651e-01   7.0810433e-03
   1.1402125e-01   5.1343672e-01   6.9356963e-03
   1.1627293e-01   5.0214098e-01   6.6577397e-03
   1.1864766e-01   5.1167318e-01   6.5108978e-03
   1.2108784e-01   5.1234734e-01   6.3946113e-03
   1.2352229e-01   5.1496332e-01   6.3442064e-03
   1.2594785e-01   4.9836262e-01   6.1332587e-03
   1.2837363e-01   5.1289503e-01   6.1924954e-03
   1.3090891e-01   5.0476625e-01   5.8150098e-03
   1.3355842e-01   5.1245139e-01   5.7982612e-03
   1.3625455e-01   5.0836693e-01   5.5730288e-03
   1.3901428e-01   5.1178285e-01   5.5262296e-03
   1.4173130e-01   5.1434185e-01   5.5368600e-03
   1.4451538e-01   5.0001960e-01   5.2688709e-03
   1.4740589e-01   4.9839005e-01   5.1970370e-03
   1.5034654e-01   4.9907983e-01   5.0929516e-03
   1.5331398e-01   5.1189318e-01   5.0556899e-03
   1.5632392e-01   5.0632749e-01   4.9084994e-03
   1.5938311e-01   5.2084444e-01   4.9575882e-03
   1.6250607e-01   5.0102215e-01   4.8058952e-03
   1.6571816e-01   5.0243447e-01   4.7921294e-03
   1.6892924e-01   5.0775919e-01   4.7959890e-03
   1.7225442e-01   5.1042374e-01   4.6549608e-03
   1.7562111e-01   5.0085322e-01   4.6875606e-03
   1.7906112e-01   5.1829490e-01   4.6490778e-03
   1.8260599e-01   5.0883927e-01   4.6519585e-03
   1.8618836e-01   5.1312478e-01   4.6610571e-03
   1.8979805e-01   4.9804713e-01   4.6522501e-03
   1.9351739e-01   5.0374199e-01   4.5934721e-03
   1.9734449e-01   4.9928791e-01   4.5378136e-03
   2.0122145e-01   5.0673757e-01   4.6241433e-03
   2.0509745e-01   5.0713783e-01   4.5995375e-03
   2.0909340e-01   5.0501938e-01   4.4786542e-03
   2.1318848e-01   5.0818949e-01   4.5676400e-03
   2.1735228e-01   5.0748279e-01   4.4765628e-03
   2.2156870e-01   5.0488133e-01   4.4570611e-03
   2.2589656e-01   5.0801759e-01   4.4399815e-03
   2.3028897e-01   5.0910948e-01   4.3859675e-03
   2.3481682e-01   5.0332415e-01   4.3589403e-03
   2.3931782e-01   5.0857071e-01   4.3969721e-03
   2.4399259e-01   5.1060185e-01   4.2720370e-03
   2.4869816e-01   5.1759039e-01   4.3458323e-03
   2.5353284e-01   5.1492523e-01   4.2007239e-03
   2.5853466e-01   5.1157089e-01   4.2235785e-03
   2.6354365e-01   4.9940779e-01   4.1523868e-03
   2.6860831e-01   4.9438464e-01   4.1277166e-03
   2.7380787e-01   5.0427392e-01   4.0863728e-03
   2.7916736e-01   5.1117578e-01   4.0581321e-03
   2.8458158e-01   5.0773182e-01   4.0839337e-03
   2.9009959e-01   5.0937901e-01   4.0782775e-03
   2.9574946e-01   5.0887151e-01   4.1111436e-03
   3.0128049e-01   5.0656817e-01   4.7097368e-03
   3.0712435e-01   5.2399729e-01   5.4721714e-03
   3.1306903e-01   5.0793859e-01   6.5298511e-03
   3.1912319e-01   5.3126802e-01   3.5951355e-02
   3.2524168e-01   4.1107410e-01   4.8412804e-02
   3.3131426e-01   4.7050252e-01   9.5632628e-02
   3.3699068e-01   5.5142796e-01   2.4605050e-02
