   1.6783700e-03   9.9206062e+02   9.2080507e+00
   1.8929300e-03   9.7916920e+02   3.6424603e+01
   2.1146600e-03   8.6174245e+02   2.8392982e+01
   2.3251900e-03   8.5821013e+02   2.7734750e+01
   2.5238900e-03   7.8231608e+02   2.7086200e+01
   2.7264400e-03   7.8506449e+02   2.4053434e+01
   2.9309200e-03   6.9308555e+02   1.9122085e+01
   3.1618300e-03   6.1837403e+02   1.3239182e+01
   3.4163900e-03   5.4037518e+02   1.1439488e+01
   3.6535800e-03   4.7972676e+02   1.1184159e+01
   3.8938200e-03   4.1875404e+02   9.0126212e+00
   4.1541600e-03   3.4459125e+02   7.2780339e+00
   4.4146500e-03   2.8985655e+02   7.1032709e+00
   4.6525800e-03   2.3942583e+02   7.4733428e+00
   4.8790800e-03   1.8202652e+02   6.7804646e+00
   5.1146400e-03   1.5502912e+02   5.3762269e+00
   5.3623500e-03   1.3077247e+02   4.4993074e+00
   5.6063500e-03   8.7664550e+01   4.1313705e+00
   5.8447000e-03   7.0816460e+01   3.5250442e+00
   6.0916900e-03   4.8935435e+01   2.9488589e+00
   6.3326200e-03   3.0468780e+01   2.6844052e+00
   6.5664000e-03   2.4733624e+01   2.1549413e+00
   6.8224300e-03   1.2495423e+01   1.5057662e+00
   7.0875800e-03   8.1673031e+00   1.2258612e+00
   7.3447100e-03   3.8817452e+00   1.0562183e+00
   7.6014700e-03   2.9320164e+00   8.6482883e-01
   7.8695100e-03   2.0117865e+00   6.8832517e-01
   8.1507000e-03   1.4136656e+00   6.4855958e-01
   8.4220500e-03   3.2378922e+00   7.2719076e-01
   8.6829800e-03   4.5331643e+00   7.9775922e-01
   8.9481700e-03   6.6605353e+00   8.2073299e-01
   9.2155900e-03   5.2876895e+00   7.8808527e-01
   9.5018300e-03   6.9581935e+00   7.1676011e-01
   9.7941800e-03   7.2399404e+00   7.8963355e-01
   1.0069740e-02   8.2738372e+00   8.2806454e-01
   1.0353630e-02   6.8024989e+00   7.3407311e-01
   1.0652880e-02   6.0803091e+00   6.7379932e-01
   1.0948780e-02   5.7470006e+00   6.5800099e-01
   1.1247970e-02   4.1599239e+00   5.7468740e-01
   1.1562830e-02   3.8785082e+00   4.8713778e-01
   1.1888950e-02   2.3110254e+00   4.3704497e-01
   1.2210650e-02   2.1382679e+00   4.3253419e-01
   1.2527240e-02   1.1821740e+00   3.8953905e-01
   1.2864320e-02   7.8709172e-01   3.3586530e-01
   1.3199830e-02   1.4985968e+00   3.5219917e-01
   1.3521170e-02   7.0319004e-01   3.5138720e-01
   1.3863540e-02   1.5614983e+00   3.2216939e-01
   1.4215570e-02   1.4780513e+00   3.4104848e-01
   1.4554410e-02   1.8220248e+00   3.5651390e-01
   1.4904520e-02   1.1890812e+00   3.4182296e-01
   1.5267470e-02   1.8756633e+00   3.4206204e-01
   1.5629920e-02   1.8196100e+00   3.4779594e-01
   1.5998810e-02   1.9516496e+00   3.6755052e-01
   1.6372960e-02   1.6940744e+00   3.9260181e-01
   1.6751470e-02   1.2780494e+00   4.0163746e-01
   1.7138840e-02   8.6515589e-01   4.0256565e-01
   1.7533750e-02   1.6067572e+00   4.1376743e-01
   1.7939780e-02   1.4914955e-01   4.0645008e-01
   1.8350390e-02   1.5609995e+00   4.1936673e-01
   1.8765720e-02   6.3335774e-01   4.7295892e-01
   1.9188210e-02  -1.1871718e-02   5.0683577e-01
   1.9619630e-02   1.6030818e+00   5.4147173e-01
   2.0054290e-02   6.4672845e-01   6.2004472e-01
   2.0496790e-02   4.2236447e-01   7.0932232e-01
   2.0937060e-02   1.0588587e+00   9.6577769e-01
   2.1384150e-02   1.4968248e+00   1.2928381e+00
   2.1833090e-02  -1.9120438e+00   1.8929526e+00
   2.2254910e-02   1.7845369e+00   1.6627134e+00
   2.2919340e-02   8.6221408e-01   1.0103077e+00
   2.3525890e-02   8.0552214e-01   2.8072948e-01
   2.4258310e-02   3.7040310e-01   1.6350896e-01
   2.5140230e-02   5.4681963e-01   1.3061246e-01
   2.6090430e-02   7.0384111e-01   1.5258500e-01
   2.6758010e-02   6.8869691e-01   1.7564053e-01
   2.7575200e-02   2.4339550e-01   2.0906412e-01
   2.8236650e-02   6.9122427e-01   2.1398271e-01
   2.9050630e-02   7.0407955e-01   1.3500829e-01
   2.9884550e-02   4.3807131e-01   1.1767011e-01
   3.0870610e-02   6.8321024e-01   9.6017599e-02
   3.1883360e-02   4.9612750e-01   9.1694909e-02
   3.2795690e-02   6.2099381e-01   1.1963317e-01
   3.3651520e-02   3.2827458e-01   1.2818677e-01
   3.4574120e-02   7.1904408e-01   1.0635464e-01
   3.5472640e-02   4.4504043e-01   1.1309814e-01
   3.6419380e-02   6.7800538e-01   1.0475890e-01
   3.7397290e-02   5.6306596e-01   1.0805267e-01
   3.8227670e-02   4.4765541e-01   1.1499738e-01
   3.9200040e-02   4.7076233e-01   9.1963097e-02
   4.0267640e-02   5.6464389e-01   7.3090545e-02
   4.1367190e-02   6.4201998e-01   7.4325060e-02
   4.2525330e-02   5.1681097e-01   9.1358124e-02
   4.3404720e-02   4.4049160e-01   1.0198654e-01
   4.4433780e-02   5.4660082e-01   8.1831608e-02
   4.5569820e-02   4.4312053e-01   7.7187332e-02
   4.6620950e-02   6.8084774e-01   7.3197798e-02
   4.7822890e-02   3.6554749e-01   7.3011930e-02
   4.8940830e-02   6.0614271e-01   6.7717238e-02
   5.0166990e-02   5.5656258e-01   7.2196887e-02
   5.1323550e-02   4.7362040e-01   7.6087754e-02
   5.2417940e-02   4.1991535e-01   7.0463021e-02
   5.3700040e-02   5.7725052e-01   7.2599028e-02
   5.4788280e-02   4.8339370e-01   7.6467017e-02
   5.6003720e-02   5.4364605e-01   7.4995839e-02
   5.7191730e-02   4.2877145e-01   6.5408689e-02
   5.8516320e-02   5.7542117e-01   5.4430771e-02
   5.9960020e-02   5.0235466e-01   5.6735024e-02
   6.1225430e-02   5.2045167e-01   6.1216006e-02
   6.2667220e-02   5.0850167e-01   5.2149899e-02
   6.4068150e-02   5.3969274e-01   5.4924236e-02
   6.5518660e-02   4.9271987e-01   5.8418318e-02
   6.6834460e-02   5.1973374e-01   5.9509080e-02
   6.8308110e-02   4.9986776e-01   5.5438631e-02
   6.9729570e-02   5.3699178e-01   5.2749724e-02
   7.1282630e-02   5.0655884e-01   5.1496930e-02
   7.2759060e-02   4.6558951e-01   5.0011303e-02
   7.4383050e-02   6.0641091e-01   4.8251444e-02
   7.5924760e-02   4.2086249e-01   5.4207600e-02
   7.7456720e-02   5.6818078e-01   4.8100871e-02
   7.9152480e-02   4.5988991e-01   4.5605156e-02
   8.0786800e-02   5.8936509e-01   4.4327012e-02
   8.2544470e-02   4.3891405e-01   4.7244142e-02
   8.4155650e-02   5.2167608e-01   4.5979962e-02
   8.5972800e-02   5.1881853e-01   4.3009845e-02
   8.7706250e-02   4.9433224e-01   4.7512092e-02
   8.9450440e-02   5.1963498e-01   4.0375033e-02
   9.1415810e-02   4.8976191e-01   3.9728309e-02
   9.3241010e-02   5.3650194e-01   4.2263045e-02
   9.5137960e-02   5.2564154e-01   3.7574359e-02
   9.7191700e-02   5.0581566e-01   3.8753923e-02
   9.9072180e-02   4.9262349e-01   4.1381162e-02
   1.0107387e-01   5.0634716e-01   3.5594155e-02
   1.0321866e-01   5.1061090e-01   3.6157431e-02
   1.0526029e-01   4.9132990e-01   3.7796336e-02
   1.0736591e-01   5.8810925e-01   3.4588794e-02
   1.0960245e-01   4.5458699e-01   3.3209954e-02
   1.1181770e-01   5.4065863e-01   3.4913946e-02
   1.1402125e-01   5.3582043e-01   3.5047543e-02
   1.1627293e-01   4.6616947e-01   3.2491396e-02
   1.1864766e-01   5.2145424e-01   3.0236171e-02
   1.2108784e-01   5.1871453e-01   3.0005209e-02
   1.2352229e-01   5.3116094e-01   3.0997844e-02
   1.2594785e-01   4.5718111e-01   3.1540381e-02
   1.2837363e-01   5.4795205e-01   3.0968895e-02
   1.3090891e-01   4.8546516e-01   2.8236674e-02
   1.3355842e-01   5.2512785e-01   2.7107958e-02
   1.3625455e-01   4.9997364e-01   2.6311895e-02
   1.3901428e-01   5.0509853e-01   2.6887291e-02
   1.4173130e-01   5.4020493e-01   2.7465637e-02
   1.4451538e-01   4.8495295e-01   2.5725408e-02
   1.4740589e-01   4.9153523e-01   2.4707906e-02
   1.5034654e-01   4.9963348e-01   2.4550056e-02
   1.5331398e-01   5.2968967e-01   2.4637563e-02
   1.5632392e-01   4.6905455e-01   2.4301665e-02
   1.5938311e-01   5.7172088e-01   2.4222162e-02
   1.6250607e-01   4.7641602e-01   2.3430578e-02
   1.6571816e-01   4.8364214e-01   2.3521937e-02
   1.6892924e-01   5.3127338e-01   2.3497767e-02
   1.7225442e-01   5.2001010e-01   2.2849989e-02
   1.7562111e-01   4.6108539e-01   2.2895102e-02
   1.7906112e-01   5.5496866e-01   2.2481636e-02
   1.8260599e-01   4.9152321e-01   2.2467124e-02
   1.8618836e-01   5.2922330e-01   2.2973952e-02
   1.8979805e-01   4.7844621e-01   2.2907123e-02
   1.9351739e-01   5.1866532e-01   2.2114706e-02
   1.9734449e-01   4.8520737e-01   2.1874338e-02
   2.0122145e-01   5.1428958e-01   2.2690851e-02
   2.0509745e-01   5.1417560e-01   2.2765307e-02
   2.0909340e-01   4.9107540e-01   2.1995524e-02
   2.1318848e-01   5.1610732e-01   2.2055618e-02
   2.1735228e-01   5.1362278e-01   2.2006438e-02
   2.2156870e-01   4.9079022e-01   2.1846882e-02
   2.2589656e-01   5.1369984e-01   2.1635476e-02
   2.3028897e-01   5.1987349e-01   2.1248831e-02
   2.3481682e-01   4.8756102e-01   2.1425185e-02
   2.3931782e-01   5.1472232e-01   2.1584548e-02
   2.4399259e-01   5.0705088e-01   2.1125841e-02
   2.4869816e-01   5.2382005e-01   2.1245142e-02
   2.5353284e-01   5.0893188e-01   2.0347345e-02
   2.5853466e-01   5.2471837e-01   2.0327539e-02
   2.6354365e-01   4.9666163e-01   2.0598950e-02
   2.6860831e-01   4.7283860e-01   2.0447173e-02
   2.7380787e-01   5.1570621e-01   1.9880874e-02
   2.7916736e-01   5.2464942e-01   1.9688235e-02
   2.8458158e-01   4.8878903e-01   1.9757994e-02
   2.9009959e-01   5.2165315e-01   1.9485029e-02
   2.9574946e-01   5.1286654e-01   2.0601336e-02
   3.0128049e-01   4.7684613e-01   2.3264066e-02
   3.0712435e-01   5.5656988e-01   2.5997731e-02
   3.1306903e-01   4.9817654e-01   2.9948483e-02
   3.1912319e-01   5.3126802e-01   3.5951355e-02
   3.2524168e-01   4.1107410e-01   4.8412804e-02
   3.3131426e-01   4.7050252e-01   9.5632628e-02
   3.3699068e-01   5.5142796e-01   2.4605050e-02
