   1.6783700e-03   1.7823868e+03   1.6962276e+01
   1.8929300e-03   1.8290930e+03   7.1210573e+01
   2.1146600e-03   1.9591535e+03   1.9722599e+01
   2.3251900e-03   2.1000474e+03   1.8745866e+01
   2.5238900e-03   2.1945790e+03   1.8884191e+01
   2.7264400e-03   2.2372861e+03   1.7230169e+01
   2.9309200e-03   2.3075026e+03   1.5592672e+01
   3.1618300e-03   2.2986825e+03   1.3102662e+01
   3.4163900e-03   2.1944630e+03   1.1738445e+01
   3.6535800e-03   2.0243139e+03   1.0816710e+01
   3.8938200e-03   1.7976692e+03   9.3312022e+00
   4.1541600e-03   1.4981766e+03   8.2801557e+00
   4.4146500e-03   1.2043706e+03   7.3069614e+00
   4.6525800e-03   9.6342922e+02   6.8517642e+00
   4.8790800e-03   7.7839736e+02   6.0671401e+00
   5.1146400e-03   5.9619051e+02   5.1764111e+00
   5.3623500e-03   4.6290650e+02   4.2638751e+00
   5.6063500e-03   3.5259901e+02   3.6886807e+00
   5.8447000e-03   2.6615182e+02   3.1254582e+00
   6.0916900e-03   1.9184109e+02   2.6948585e+00
   6.3326200e-03   1.3325246e+02   2.2629106e+00
   6.5664000e-03   9.8619322e+01   1.8795564e+00
   6.8224300e-03   7.0908219e+01   1.4691961e+00
   7.0875800e-03   4.0391001e+01   1.1849871e+00
   7.3447100e-03   2.3406379e+01   9.3437768e-01
   7.6014700e-03   1.4238633e+01   7.7033620e-01
   7.8695100e-03   9.9280624e+00   6.1714331e-01
   8.1507000e-03   8.2876704e+00   5.4599829e-01
   8.4220500e-03   1.0660534e+01   5.3299189e-01
   8.6829800e-03   1.3593016e+01   5.5498244e-01
   8.9481700e-03   1.5952335e+01   5.5161635e-01
   9.2155900e-03   1.9261746e+01   5.6766301e-01
   9.5018300e-03   2.2945304e+01   5.4675474e-01
   9.7941800e-03   2.3031763e+01   5.6954920e-01
   1.0069740e-02   2.2573619e+01   5.5423032e-01
   1.0353630e-02   2.1841800e+01   5.4029629e-01
   1.0652880e-02   1.9882375e+01   4.9572293e-01
   1.0948780e-02   1.7493842e+01   4.6698721e-01
   1.1247970e-02   1.5330601e+01   4.1299187e-01
   1.1562830e-02   1.1864350e+01   3.6873577e-01
   1.1888950e-02   9.1613446e+00   3.2036782e-01
   1.2210650e-02   6.3582521e+00   2.8554501e-01
   1.2527240e-02   4.1094018e+00   2.5053290e-01
   1.2864320e-02   2.8560380e+00   2.2018524e-01
   1.3199830e-02   2.7220361e+00   2.0439714e-01
   1.3521170e-02   3.0452722e+00   1.9890146e-01
   1.3863540e-02   3.1019330e+00   1.9071120e-01
   1.4215570e-02   3.3417874e+00   1.9556929e-01
   1.4554410e-02   3.9689486e+00   1.9965321e-01
   1.4904520e-02   4.9268957e+00   2.0922244e-01
   1.5267470e-02   5.1260023e+00   2.1002661e-01
   1.5629920e-02   5.1705694e+00   2.1385811e-01
   1.5998810e-02   5.2811284e+00   2.2425374e-01
   1.6372960e-02   4.4941601e+00   2.3368747e-01
   1.6751470e-02   4.1840274e+00   2.3709653e-01
   1.7138840e-02   3.5673595e+00   2.3651518e-01
   1.7533750e-02   2.7064196e+00   2.2800794e-01
   1.7939780e-02   2.3275793e+00   2.2953037e-01
   1.8350390e-02   1.5743710e+00   2.1581185e-01
   1.8765720e-02   1.5843024e+00   2.3539242e-01
   1.9188210e-02   1.2368885e+00   2.4579997e-01
   1.9619630e-02   1.2940877e+00   2.5029301e-01
   2.0054290e-02   1.6186520e+00   3.1037274e-01
   2.0496790e-02   1.2690128e+00   3.3465089e-01
   2.0937060e-02   1.9410789e+00   4.7111201e-01
   2.1384150e-02   8.9479271e-01   7.2169166e-01
   2.1833090e-02   5.0563553e-01   6.4238825e-01
   2.2254910e-02   2.4928844e+00   1.2406143e+00
   2.2919340e-02   1.8666485e+00   4.6759442e-01
   2.3525890e-02   8.6919724e-01   5.5687617e-01
   2.4258310e-02   1.0002628e+00   1.2263670e-01
   2.5140230e-02   9.4952741e-01   9.4668268e-02
   2.6090430e-02   1.0173242e+00   8.3658021e-02
   2.6758010e-02   9.7190690e-01   8.6570645e-02
   2.7575200e-02   9.4646430e-01   1.0620618e-01
   2.8236650e-02   8.3539026e-01   9.7254826e-02
   2.9050630e-02   8.9237127e-01   6.8411059e-02
   2.9884550e-02   9.0057871e-01   6.8512268e-02
   3.0870610e-02   7.0703322e-01   5.6452720e-02
   3.1883360e-02   6.4596740e-01   4.9691897e-02
   3.2795690e-02   7.3288732e-01   5.5367816e-02
   3.3651520e-02   7.4115883e-01   6.4337078e-02
   3.4574120e-02   7.3491894e-01   4.9466894e-02
   3.5472640e-02   6.7112404e-01   5.5234093e-02
   3.6419380e-02   7.0817984e-01   5.4417002e-02
   3.7397290e-02   7.0557688e-01   4.7559511e-02
   3.8227670e-02   7.1122356e-01   5.0514619e-02
   3.9200040e-02   6.0532628e-01   4.6846623e-02
   4.0267640e-02   7.1974530e-01   3.7015355e-02
   4.1367190e-02   5.9133192e-01   4.1092908e-02
   4.2525330e-02   6.9767310e-01   4.1410348e-02
   4.3404720e-02   7.2610722e-01   4.0442392e-02
   4.4433780e-02   5.8957492e-01   4.2579357e-02
   4.5569820e-02   5.7466317e-01   3.6298989e-02
   4.6620950e-02   6.5731641e-01   3.4431700e-02
   4.7822890e-02   6.2957172e-01   3.7363455e-02
   4.8940830e-02   6.4790119e-01   3.0506885e-02
   5.0166990e-02   6.4192425e-01   3.8084389e-02
   5.1323550e-02   5.8766343e-01   3.1463308e-02
   5.2417940e-02   6.7094709e-01   3.5715274e-02
   5.3700040e-02   6.2070037e-01   3.4395908e-02
   5.4788280e-02   6.1516659e-01   3.2362973e-02
   5.6003720e-02   6.2261019e-01   3.5332628e-02
   5.7191730e-02   6.4199265e-01   2.8806969e-02
   5.8516320e-02   6.4037208e-01   2.9936388e-02
   5.9960020e-02   6.0534059e-01   2.5755562e-02
   6.1225430e-02   6.4819823e-01   2.9118621e-02
   6.2667220e-02   6.7519393e-01   2.5147969e-02
   6.4068150e-02   6.3622269e-01   2.7692870e-02
   6.5518660e-02   5.6194173e-01   2.5627032e-02
   6.6834460e-02   6.2230828e-01   2.7134639e-02
   6.8308110e-02   6.5302641e-01   2.5902983e-02
   6.9729570e-02   6.4246920e-01   2.5151720e-02
   7.1282630e-02   6.0212965e-01   2.4001641e-02
   7.2759060e-02   6.4667195e-01   2.4099557e-02
   7.4383050e-02   6.6646544e-01   2.3011622e-02
   7.5924760e-02   6.0587127e-01   2.4023588e-02
   7.7456720e-02   5.5812742e-01   2.1867385e-02
   7.9152480e-02   5.9627499e-01   2.2091505e-02
   8.0786800e-02   6.7088254e-01   2.1056552e-02
   8.2544470e-02   6.4519915e-01   2.1756132e-02
   8.4155650e-02   5.8808733e-01   2.1031333e-02
   8.5972800e-02   6.1091422e-01   2.0482003e-02
   8.7706250e-02   6.4385705e-01   2.1078292e-02
   8.9450440e-02   6.2530687e-01   1.9041514e-02
   9.1415810e-02   6.1600667e-01   1.9544080e-02
   9.3241010e-02   6.2721392e-01   1.8488757e-02
   9.5137960e-02   6.7327697e-01   1.8663816e-02
   9.7191700e-02   6.1923656e-01   1.8043145e-02
   9.9072180e-02   5.8541621e-01   1.8026147e-02
   1.0107387e-01   6.3648257e-01   1.7286552e-02
   1.0321866e-01   6.1608713e-01   1.7124107e-02
   1.0526029e-01   6.3487729e-01   1.6741284e-02
   1.0736591e-01   6.0440164e-01   1.6163120e-02
   1.0960245e-01   6.2923530e-01   1.6005237e-02
   1.1181770e-01   6.2554504e-01   1.5908910e-02
   1.1402125e-01   6.0031503e-01   1.5622064e-02
   1.1627293e-01   6.4968650e-01   1.5207816e-02
   1.1864766e-01   6.3842722e-01   1.4599736e-02
   1.2108784e-01   6.0775306e-01   1.4161465e-02
   1.2352229e-01   6.0318927e-01   1.4369395e-02
   1.2594785e-01   5.9310674e-01   1.4032223e-02
   1.2837363e-01   6.2025474e-01   1.4112577e-02
   1.3090891e-01   6.1853190e-01   1.3179704e-02
   1.3355842e-01   6.2754625e-01   1.2950925e-02
   1.3625455e-01   6.3110182e-01   1.2537405e-02
   1.3901428e-01   6.0308136e-01   1.2428716e-02
   1.4173130e-01   6.1536466e-01   1.2432258e-02
   1.4451538e-01   5.9114071e-01   1.1889038e-02
   1.4740589e-01   6.0491150e-01   1.1722994e-02
   1.5034654e-01   6.2352670e-01   1.1448059e-02
   1.5331398e-01   6.0407347e-01   1.1361591e-02
   1.5632392e-01   6.0642557e-01   1.1143537e-02
   1.5938311e-01   5.9234553e-01   1.1035435e-02
   1.6250607e-01   5.9411772e-01   1.0853907e-02
   1.6571816e-01   5.9141175e-01   1.0777660e-02
   1.6892924e-01   5.9566847e-01   1.0746478e-02
   1.7225442e-01   6.1171077e-01   1.0544616e-02
   1.7562111e-01   6.1156567e-01   1.0584840e-02
   1.7906112e-01   5.9457232e-01   1.0355105e-02
   1.8260599e-01   6.0368519e-01   1.0497020e-02
   1.8618836e-01   6.1060622e-01   1.0456037e-02
   1.8979805e-01   6.0280619e-01   1.0470701e-02
   1.9351739e-01   5.8758946e-01   1.0273933e-02
   1.9734449e-01   5.8817395e-01   1.0202501e-02
   2.0122145e-01   5.8961627e-01   1.0287142e-02
   2.0509745e-01   5.8128627e-01   1.0281132e-02
   2.0909340e-01   5.9661016e-01   1.0097032e-02
   2.1318848e-01   6.0185224e-01   1.0200398e-02
   2.1735228e-01   5.8669239e-01   9.9753423e-03
   2.2156870e-01   5.8195826e-01   9.9866754e-03
   2.2589656e-01   5.9919720e-01   9.8923139e-03
   2.3028897e-01   6.0337081e-01   9.8295163e-03
   2.3481682e-01   5.8733486e-01   9.7397602e-03
   2.3931782e-01   5.7058038e-01   9.7801866e-03
   2.4399259e-01   5.9383321e-01   9.5764538e-03
   2.4869816e-01   5.9540726e-01   9.6437900e-03
   2.5353284e-01   5.7730137e-01   9.2863744e-03
   2.5853466e-01   6.0172988e-01   9.4768858e-03
   2.6354365e-01   5.7990692e-01   9.2503875e-03
   2.6860831e-01   5.7900205e-01   9.3435252e-03
   2.7380787e-01   5.8180101e-01   9.1327158e-03
   2.7916736e-01   6.0330399e-01   9.1283686e-03
   2.8458158e-01   5.8229567e-01   9.0089656e-03
   2.9009959e-01   6.0217642e-01   9.2672296e-03
   2.9574946e-01   6.0546608e-01   9.4106473e-03
   3.0128049e-01   5.9869243e-01   1.0642716e-02
   3.0712435e-01   5.8121750e-01   1.2143640e-02
   3.1306903e-01   5.8717086e-01   1.3978940e-02
   3.1912319e-01   5.9396098e-01   1.7933075e-02
   3.2524168e-01   5.1142052e-01   7.3273404e-02
   3.3131426e-01   5.3700096e-01   1.4256261e-01
   3.3699068e-01   6.0563956e-01   3.6475990e-02
