   1.6783700e-03   1.7823868e+03   1.6962276e+01
   1.8929300e-03   1.8290930e+03   7.1210573e+01
   2.1146600e-03   1.9564024e+03   6.0586169e+01
   2.3251900e-03   2.0872323e+03   1.2473043e+01
   2.5238900e-03   2.1921800e+03   1.2039857e+01
   2.7264400e-03   2.2465632e+03   1.1132632e+01
   2.9309200e-03   2.3046818e+03   1.0827994e+01
   3.1618300e-03   2.2842511e+03   9.2012543e+00
   3.4163900e-03   2.1922423e+03   8.4402290e+00
   3.6535800e-03   2.0160346e+03   8.1146712e+00
   3.8938200e-03   1.7955127e+03   6.8419366e+00
   4.1541600e-03   1.4991049e+03   5.9830673e+00
   4.4146500e-03   1.2156993e+03   5.2758438e+00
   4.6525800e-03   9.6686455e+02   4.8208382e+00
   4.8790800e-03   7.8161834e+02   4.1539460e+00
   5.1146400e-03   5.9869728e+02   3.5219584e+00
   5.3623500e-03   4.6665464e+02   2.9503114e+00
   5.6063500e-03   3.4946445e+02   2.5893341e+00
   5.8447000e-03   2.6647999e+02   2.1539711e+00
   6.0916900e-03   1.9049833e+02   1.7866139e+00
   6.3326200e-03   1.3635013e+02   1.5442188e+00
   6.5664000e-03   9.7704958e+01   1.2874907e+00
   6.8224300e-03   6.8583899e+01   9.9759068e-01
   7.0875800e-03   4.0463926e+01   8.2543184e-01
   7.3447100e-03   2.4687908e+01   6.5343406e-01
   7.6014700e-03   1.3495705e+01   5.3203910e-01
   7.8695100e-03   9.9316592e+00   4.3154917e-01
   8.1507000e-03   8.1026225e+00   3.7734934e-01
   8.4220500e-03   1.0502952e+01   3.6980943e-01
   8.6829800e-03   1.2964570e+01   3.7025611e-01
   8.9481700e-03   1.6290562e+01   3.7083571e-01
   9.2155900e-03   1.9135283e+01   3.9081453e-01
   9.5018300e-03   2.2385197e+01   3.7251818e-01
   9.7941800e-03   2.2829792e+01   3.8911342e-01
   1.0069740e-02   2.2831715e+01   3.8194838e-01
   1.0353630e-02   2.1582579e+01   3.6100675e-01
   1.0652880e-02   2.0002658e+01   3.3606889e-01
   1.0948780e-02   1.7449555e+01   3.2260376e-01
   1.1247970e-02   1.5277085e+01   2.8645788e-01
   1.1562830e-02   1.1858847e+01   2.5511160e-01
   1.1888950e-02   9.2261166e+00   2.2228347e-01
   1.2210650e-02   6.2976735e+00   2.0008394e-01
   1.2527240e-02   4.3344190e+00   1.7379706e-01
   1.2864320e-02   3.0084689e+00   1.4735568e-01
   1.3199830e-02   2.7273940e+00   1.4104719e-01
   1.3521170e-02   2.9139242e+00   1.3778552e-01
   1.3863540e-02   3.0515731e+00   1.2801329e-01
   1.4215570e-02   3.4771966e+00   1.3277892e-01
   1.4554410e-02   3.9970848e+00   1.3710313e-01
   1.4904520e-02   4.7694677e+00   1.4238621e-01
   1.5267470e-02   5.1300265e+00   1.4349097e-01
   1.5629920e-02   5.1604508e+00   1.4609517e-01
   1.5998810e-02   5.1868892e+00   1.5279156e-01
   1.6372960e-02   4.5553507e+00   1.5995764e-01
   1.6751470e-02   4.1676979e+00   1.6267363e-01
   1.7138840e-02   3.5412444e+00   1.6195969e-01
   1.7533750e-02   2.7260748e+00   1.5805859e-01
   1.7939780e-02   2.3589287e+00   1.5790621e-01
   1.8350390e-02   1.6028755e+00   1.4703961e-01
   1.8765720e-02   1.5734265e+00   1.6325282e-01
   1.9188210e-02   1.2945800e+00   1.6745789e-01
   1.9619630e-02   1.2755076e+00   1.7367887e-01
   2.0054290e-02   1.6014566e+00   2.1322723e-01
   2.0496790e-02   1.3447690e+00   2.3098151e-01
   2.0937060e-02   1.5644616e+00   3.5734191e-01
   2.1384150e-02   1.1788439e+00   3.3772370e-01
   2.1833090e-02   8.9383745e-01   4.7223206e-01
   2.2254910e-02   2.0336706e+00   8.9796590e-01
   2.2919340e-02   1.4938533e+00   2.0091905e-01
   2.3525890e-02   1.3047980e+00   1.6116725e-01
   2.4258310e-02   9.4090420e-01   2.4130494e-01
   2.5140230e-02   9.4100243e-01   7.6773076e-02
   2.6090430e-02   1.0169013e+00   5.9605909e-02
   2.6758010e-02   9.3925275e-01   5.4736675e-02
   2.7575200e-02   9.5500042e-01   6.9332223e-02
   2.8236650e-02   8.6055492e-01   6.6260222e-02
   2.9050630e-02   8.8968814e-01   4.2069230e-02
   2.9884550e-02   8.5097271e-01   5.1322222e-02
   3.0870610e-02   7.3680460e-01   4.4155397e-02
   3.1883360e-02   6.7252574e-01   3.4204342e-02
   3.2795690e-02   7.2556934e-01   4.0609904e-02
   3.3651520e-02   7.1171064e-01   4.5584194e-02
   3.4574120e-02   7.4706822e-01   3.2552826e-02
   3.5472640e-02   6.6621766e-01   3.9113362e-02
   3.6419380e-02   7.3549788e-01   3.7714966e-02
   3.7397290e-02   6.5996629e-01   3.0858135e-02
   3.8227670e-02   7.3810259e-01   3.5141325e-02
   3.9200040e-02   5.9842316e-01   3.3079500e-02
   4.0267640e-02   7.2538571e-01   2.7099673e-02
   4.1367190e-02   5.9791174e-01   2.9479904e-02
   4.2525330e-02   7.0922288e-01   2.8883978e-02
   4.3404720e-02   6.6517087e-01   2.7947866e-02
   4.4433780e-02   6.3317835e-01   2.8099030e-02
   4.5569820e-02   5.8896585e-01   2.5610062e-02
   4.6620950e-02   6.4037758e-01   2.4450345e-02
   4.7822890e-02   6.3201466e-01   2.6642770e-02
   4.8940830e-02   6.3994916e-01   2.1951765e-02
   5.0166990e-02   6.4531888e-01   2.5898352e-02
   5.1323550e-02   5.9823333e-01   2.2552184e-02
   5.2417940e-02   6.6227385e-01   2.3686813e-02
   5.3700040e-02   6.0880153e-01   2.3205664e-02
   5.4788280e-02   6.3444536e-01   2.1669278e-02
   5.6003720e-02   6.1903636e-01   2.3437062e-02
   5.7191730e-02   6.3609806e-01   2.0665790e-02
   5.8516320e-02   6.3704995e-01   2.0186396e-02
   5.9960020e-02   6.1797295e-01   1.8672787e-02
   6.1225430e-02   6.5341963e-01   2.0771336e-02
   6.2667220e-02   6.4666937e-01   1.7703591e-02
   6.4068150e-02   6.4125489e-01   1.9100714e-02
   6.5518660e-02   5.8189897e-01   1.7804277e-02
   6.6834460e-02   6.2973028e-01   1.8320731e-02
   6.8308110e-02   6.2629633e-01   1.7734277e-02
   6.9729570e-02   6.4750631e-01   1.7213742e-02
   7.1282630e-02   6.1593036e-01   1.6718666e-02
   7.2759060e-02   6.4662899e-01   1.6721781e-02
   7.4383050e-02   6.4158024e-01   1.5558235e-02
   7.5924760e-02   6.0873285e-01   1.6746988e-02
   7.7456720e-02   5.8379108e-01   1.4776356e-02
   7.9152480e-02   6.0218576e-01   1.5141313e-02
   8.0786800e-02   6.4634891e-01   1.4534933e-02
   8.2544470e-02   6.3558851e-01   1.5035418e-02
   8.4155650e-02   6.1044710e-01   1.4374095e-02
   8.5972800e-02   6.1281772e-01   1.3519512e-02
   8.7706250e-02   6.3316712e-01   1.4852249e-02
   8.9450440e-02   6.2173731e-01   1.2860414e-02
   9.1415810e-02   6.3027992e-01   1.3182907e-02
   9.3241010e-02   6.2832750e-01   1.3198249e-02
   9.5137960e-02   6.5163526e-01   1.2472661e-02
   9.7191700e-02   6.2635045e-01   1.2287103e-02
   9.9072180e-02   5.9799719e-01   1.2564210e-02
   1.0107387e-01   6.3371181e-01   1.1572025e-02
   1.0321866e-01   6.0657852e-01   1.1679443e-02
   1.0526029e-01   6.3970011e-01   1.1647599e-02
   1.0736591e-01   6.0603736e-01   1.0956191e-02
   1.0960245e-01   6.2736562e-01   1.0923220e-02
   1.1181770e-01   6.2158918e-01   1.0871647e-02
   1.1402125e-01   6.1443718e-01   1.0562695e-02
   1.1627293e-01   6.4024016e-01   1.0390062e-02
   1.1864766e-01   6.3055430e-01   1.0061334e-02
   1.2108784e-01   6.1270684e-01   9.7890561e-03
   1.2352229e-01   6.0718032e-01   9.7335054e-03
   1.2594785e-01   5.9582415e-01   9.4301875e-03
   1.2837363e-01   6.1809528e-01   9.5356447e-03
   1.3090891e-01   6.1873549e-01   8.9695674e-03
   1.3355842e-01   6.2471168e-01   8.9459503e-03
   1.3625455e-01   6.2946419e-01   8.6391661e-03
   1.3901428e-01   6.0472033e-01   8.4701833e-03
   1.4173130e-01   6.1467524e-01   8.5043462e-03
   1.4451538e-01   5.9508435e-01   8.0803164e-03
   1.4740589e-01   6.0747871e-01   8.0039179e-03
   1.5034654e-01   6.1647605e-01   7.8699326e-03
   1.5331398e-01   6.0429348e-01   7.7302090e-03
   1.5632392e-01   6.0843990e-01   7.5490070e-03
   1.5938311e-01   5.9099934e-01   7.5037373e-03
   1.6250607e-01   5.9635787e-01   7.3533055e-03
   1.6571816e-01   5.9091213e-01   7.3378377e-03
   1.6892924e-01   6.0003995e-01   7.3044024e-03
   1.7225442e-01   6.0579222e-01   7.1350322e-03
   1.7562111e-01   6.0947898e-01   7.2288714e-03
   1.7906112e-01   5.9925899e-01   7.0645528e-03
   1.8260599e-01   6.0574324e-01   7.1267896e-03
   1.8618836e-01   6.0490765e-01   7.1351437e-03
   1.8979805e-01   6.0211640e-01   7.1389957e-03
   1.9351739e-01   5.9136075e-01   7.0033660e-03
   1.9734449e-01   5.8745771e-01   6.9308492e-03
   2.0122145e-01   5.8864275e-01   7.0262085e-03
   2.0509745e-01   5.8523793e-01   6.9802465e-03
   2.0909340e-01   5.9559492e-01   6.8329844e-03
   2.1318848e-01   5.9513486e-01   6.9486152e-03
   2.1735228e-01   5.9066356e-01   6.7958303e-03
   2.2156870e-01   5.8678746e-01   6.7680462e-03
   2.2589656e-01   5.9735831e-01   6.7595385e-03
   2.3028897e-01   5.9573696e-01   6.6704312e-03
   2.3481682e-01   5.8965864e-01   6.6333643e-03
   2.3931782e-01   5.7969337e-01   6.6293998e-03
   2.4399259e-01   5.8684779e-01   6.4768395e-03
   2.4869816e-01   5.9521011e-01   6.5885744e-03
   2.5353284e-01   5.7965663e-01   6.3254597e-03
   2.5853466e-01   6.0047646e-01   6.4359473e-03
   2.6354365e-01   5.7394611e-01   6.3037466e-03
   2.6860831e-01   5.9120550e-01   6.3221117e-03
   2.7380787e-01   5.7501963e-01   6.2014201e-03
   2.7916736e-01   6.0356568e-01   6.2111171e-03
   2.8458158e-01   5.8256601e-01   6.2204529e-03
   2.9009959e-01   6.0681273e-01   6.2354604e-03
   2.9574946e-01   5.9678050e-01   6.2827627e-03
   3.0128049e-01   5.9967315e-01   7.1997521e-03
   3.0712435e-01   5.8746466e-01   8.2621494e-03
   3.1306903e-01   5.8397060e-01   9.8732899e-03
   3.1912319e-01   6.3409030e-01   5.4635075e-02
   3.2524168e-01   5.1142052e-01   7.3273404e-02
   3.3131426e-01   5.3700096e-01   1.4256261e-01
   3.3699068e-01   6.0563956e-01   3.6475990e-02
