   1.6769100e-03   8.7343049e+02   1.1051745e+01
   1.8912900e-03   9.9307475e+02   4.7411203e+01
   2.1128300e-03   1.0327783e+03   4.1372053e+01
   2.3231700e-03   1.0384153e+03   4.5473894e+01
   2.5216900e-03   1.3350357e+03   5.0107279e+01
   2.7240700e-03   1.4770909e+03   5.0614558e+01
   2.9283700e-03   1.7240688e+03   4.6050722e+01
   3.1590900e-03   2.0878646e+03   3.7502433e+01
   3.4134200e-03   2.5007482e+03   3.8997886e+01
   3.6504000e-03   2.8437706e+03   4.3370996e+01
   3.8904400e-03   2.9533462e+03   3.8405772e+01
   4.1505400e-03   2.7732328e+03   3.3136655e+01
   4.4108100e-03   2.3148303e+03   3.2817526e+01
   4.6485300e-03   1.8147469e+03   3.3815218e+01
   4.8748400e-03   1.2644522e+03   2.9476895e+01
   5.1101900e-03   9.5356041e+02   2.2095420e+01
   5.3576900e-03   6.5392736e+02   1.7367391e+01
   5.6014800e-03   4.6039863e+02   1.5238721e+01
   5.8396200e-03   3.7195762e+02   1.2618365e+01
   6.0863900e-03   2.3709988e+02   1.0335234e+01
   6.3271200e-03   1.7260856e+02   9.3582908e+00
   6.5606900e-03   1.4597091e+02   7.5505467e+00
   6.8165000e-03   9.1214479e+01   5.3693730e+00
   7.0814100e-03   6.5780840e+01   4.4467324e+00
   7.3383200e-03   3.7406890e+01   3.8465317e+00
   7.5948600e-03   3.2526552e+01   3.1250630e+00
   7.8626600e-03   1.2271836e+01   2.3484757e+00
   8.1436200e-03   1.8869883e+01   2.0617137e+00
   8.4147300e-03   9.6697811e+00   2.1262428e+00
   8.6754300e-03   1.9501213e+01   2.2423700e+00
   8.9403900e-03   2.4571665e+01   2.2761186e+00
   9.2075700e-03   2.6699714e+01   2.2083759e+00
   9.4935600e-03   3.0953300e+01   2.0077224e+00
   9.7856600e-03   2.7364474e+01   2.1833597e+00
   1.0060980e-02   3.1942626e+01   2.2742660e+00
   1.0344630e-02   2.9384876e+01   2.0473163e+00
   1.0643620e-02   2.4720401e+01   1.8694884e+00
   1.0939260e-02   2.3531531e+01   1.8243325e+00
   1.1238180e-02   2.0822457e+01   1.5967294e+00
   1.1552780e-02   1.5571452e+01   1.3457162e+00
   1.1878620e-02   1.2912078e+01   1.1944386e+00
   1.2200030e-02   9.6424901e+00   1.1320012e+00
   1.2516340e-02   6.8366049e+00   9.7228241e-01
   1.2853140e-02   3.8381596e+00   8.0214522e-01
   1.3188350e-02   3.4438755e+00   7.9171415e-01
   1.3509410e-02   4.8664373e+00   7.6249569e-01
   1.3851490e-02   1.7132232e+00   6.7242764e-01
   1.4203210e-02   5.6174257e+00   7.2968207e-01
   1.4541760e-02   5.3598175e+00   7.8991442e-01
   1.4891560e-02   6.4132371e+00   7.7818050e-01
   1.5254200e-02   6.7993778e+00   7.8928803e-01
   1.5616330e-02   7.1873388e+00   8.1071954e-01
   1.5984900e-02   6.4481614e+00   8.4290662e-01
   1.6358720e-02   5.8619242e+00   8.9954967e-01
   1.6736910e-02   6.8800977e+00   9.1717414e-01
   1.7123940e-02   3.5252068e+00   8.9922044e-01
   1.7518500e-02   5.3328062e+00   8.7770381e-01
   1.7924180e-02   2.1562762e+00   8.3526335e-01
   1.8334430e-02   2.8821328e+00   8.1894690e-01
   1.8749400e-02   1.8093311e+00   8.4075729e-01
   1.9171530e-02   5.4441455e-01   8.5194446e-01
   1.9602570e-02   2.1667312e+00   9.1651420e-01
   2.0036850e-02   1.6655531e+00   1.0505839e+00
   2.0478970e-02   2.5456736e+00   1.2247745e+00
   2.0918860e-02   1.8332167e+00   1.5529109e+00
   2.1365560e-02   6.1713546e-01   2.1070184e+00
   2.1814100e-02   2.6622293e+00   3.4528231e+00
   2.2235560e-02   9.5437244e-01   3.3747874e+00
   2.2899410e-02   1.1191652e+00   2.0890358e+00
   2.3505430e-02   1.8829400e+00   5.4621456e-01
   2.4237210e-02   6.8533162e-01   3.3194321e-01
   2.5118370e-02   1.6382863e+00   2.6996006e-01
   2.6067740e-02   6.0212387e-01   3.0105335e-01
   2.6734740e-02   2.1683573e+00   3.5167683e-01
   2.7551220e-02   1.7155017e-01   4.1157511e-01
   2.8212100e-02   1.7235085e+00   4.2046530e-01
   2.9025370e-02   9.6477982e-01   2.5301224e-01
   2.9858560e-02   8.3346562e-01   2.1079007e-01
   3.0843770e-02   8.4528445e-01   1.6580409e-01
   3.1855630e-02   9.5687999e-01   1.5604162e-01
   3.2767170e-02   4.5295485e-01   2.0008463e-01
   3.3622260e-02   9.4694790e-01   2.1894607e-01
   3.4544060e-02   6.4294995e-01   1.7599945e-01
   3.5441790e-02   8.4107011e-01   1.8680315e-01
   3.6387710e-02   8.5340107e-01   1.6974915e-01
   3.7364770e-02   3.3843478e-01   1.7536694e-01
   3.8194420e-02   1.0191690e+00   1.9368898e-01
   3.9165960e-02   7.6525411e-01   1.5451803e-01
   4.0232630e-02   7.2507498e-01   1.1854785e-01
   4.1331220e-02   5.6479094e-01   1.1605783e-01
   4.2488350e-02   7.7437895e-01   1.4779454e-01
   4.3366970e-02   8.0347554e-01   1.6646307e-01
   4.4395140e-02   5.4446769e-01   1.3021599e-01
   4.5530200e-02   4.7049784e-01   1.2288999e-01
   4.6580410e-02   9.8785393e-01   1.1921738e-01
   4.7781310e-02   5.8609858e-01   1.1909595e-01
   4.8898270e-02   6.0629130e-01   1.0930846e-01
   5.0123360e-02   9.3194783e-01   1.1851859e-01
   5.1278920e-02   4.0615379e-01   1.2433476e-01
   5.2372350e-02   8.6852637e-01   1.1625460e-01
   5.3653340e-02   5.6430994e-01   1.1753827e-01
   5.4740640e-02   7.9632938e-01   1.2456391e-01
   5.5955020e-02   5.9567490e-01   1.2125595e-01
   5.7142000e-02   6.5324284e-01   1.0599384e-01
   5.8465430e-02   7.5157301e-01   8.7952024e-02
   5.9907880e-02   6.1292735e-01   9.1377208e-02
   6.1172190e-02   7.6897136e-01   9.8895864e-02
   6.2612730e-02   4.9790030e-01   8.3441322e-02
   6.4012430e-02   7.8908577e-01   8.9038343e-02
   6.5461690e-02   7.7823198e-01   9.5552825e-02
   6.6776340e-02   6.2427714e-01   9.5514443e-02
   6.8248710e-02   6.0612586e-01   8.8011937e-02
   6.9668940e-02   6.1834818e-01   8.3805587e-02
   7.1220640e-02   6.9388278e-01   8.2964417e-02
   7.2695790e-02   7.4594526e-01   8.1009002e-02
   7.4318370e-02   5.8017784e-01   7.6953550e-02
   7.5858730e-02   7.1123687e-01   8.7713922e-02
   7.7389370e-02   6.5758550e-01   7.7957886e-02
   7.9083650e-02   7.2811026e-01   7.4123084e-02
   8.0716550e-02   6.3604266e-01   7.1359645e-02
   8.2472690e-02   7.0275225e-01   7.6203654e-02
   8.4082470e-02   6.1069326e-01   7.3583853e-02
   8.5898040e-02   6.4387424e-01   6.8799572e-02
   8.7629980e-02   7.3665287e-01   7.6509893e-02
   8.9372660e-02   6.1671957e-01   6.4770351e-02
   9.1336320e-02   6.4956572e-01   6.3847532e-02
   9.3159930e-02   7.0507490e-01   6.8312237e-02
   9.5055230e-02   7.1849818e-01   6.0726144e-02
   9.7107190e-02   6.3587983e-01   6.2489528e-02
   9.8986030e-02   7.1927145e-01   6.6839424e-02
   1.0098598e-01   5.8281175e-01   5.7192849e-02
   1.0312890e-01   7.2909294e-01   5.8217617e-02
   1.0516875e-01   6.5781125e-01   6.0673410e-02
   1.0727254e-01   7.0080881e-01   5.5197653e-02
   1.0950714e-01   6.4733444e-01   5.3044394e-02
   1.1172046e-01   6.0467546e-01   5.5387980e-02
   1.1392209e-01   7.0853809e-01   5.5875728e-02
   1.1617182e-01   6.6913603e-01   5.2018968e-02
   1.1854448e-01   6.1660047e-01   4.8094828e-02
   1.2098255e-01   6.4041191e-01   4.7797037e-02
   1.2341487e-01   7.2077843e-01   4.9740615e-02
   1.2583833e-01   6.2382508e-01   5.0663438e-02
   1.2826200e-01   6.6404714e-01   4.9533908e-02
   1.3079508e-01   6.4055253e-01   4.5155330e-02
   1.3344228e-01   6.7725902e-01   4.3323687e-02
   1.3613607e-01   6.3754746e-01   4.1956662e-02
   1.3889340e-01   6.5893405e-01   4.2688763e-02
   1.4160805e-01   6.1365560e-01   4.3349882e-02
   1.4438972e-01   6.4554793e-01   4.0834058e-02
   1.4727771e-01   6.2335500e-01   3.9309401e-02
   1.5021580e-01   6.6950602e-01   3.9035705e-02
   1.5318066e-01   5.9108965e-01   3.8968000e-02
   1.5618798e-01   6.8892954e-01   3.8495619e-02
   1.5924451e-01   5.9262047e-01   3.8024774e-02
   1.6236475e-01   6.5178242e-01   3.6968431e-02
   1.6557405e-01   6.1249716e-01   3.7106792e-02
   1.6878234e-01   5.9745967e-01   3.6929729e-02
   1.7210463e-01   6.8847233e-01   3.6106403e-02
   1.7546839e-01   6.1793219e-01   3.6088886e-02
   1.7890541e-01   5.9655915e-01   3.5026858e-02
   1.8244720e-01   6.1114607e-01   3.4999751e-02
   1.8602646e-01   6.2547138e-01   3.5849731e-02
   1.8963301e-01   6.0930505e-01   3.5824811e-02
   1.9334911e-01   5.8875305e-01   3.4589721e-02
   1.9717288e-01   6.5742047e-01   3.4348654e-02
   2.0104647e-01   6.2222838e-01   3.5358249e-02
   2.0491910e-01   5.6817737e-01   3.5265943e-02
   2.0891158e-01   5.8129269e-01   3.4112630e-02
   2.1300310e-01   6.5688644e-01   3.4301504e-02
   2.1716327e-01   5.8221742e-01   3.4148900e-02
   2.2137603e-01   6.4719780e-01   3.3896648e-02
   2.2570012e-01   5.1632850e-01   3.3347282e-02
   2.3008871e-01   6.5630543e-01   3.2958629e-02
   2.3461263e-01   6.1964380e-01   3.3258082e-02
   2.3910971e-01   5.7114231e-01   3.3259712e-02
   2.4378042e-01   6.2614932e-01   3.2474769e-02
   2.4848190e-01   5.4983708e-01   3.2483678e-02
   2.5331237e-01   5.9959133e-01   3.1210963e-02
   2.5830984e-01   6.0498876e-01   3.1369868e-02
   2.6331448e-01   6.2532499e-01   3.1997544e-02
   2.6837473e-01   5.7471067e-01   3.1727088e-02
   2.7356977e-01   5.8935744e-01   3.0676652e-02
   2.7892460e-01   5.7364497e-01   3.0338909e-02
   2.8433411e-01   6.2691314e-01   3.0623233e-02
   2.8984733e-01   6.0691182e-01   3.0086134e-02
   2.9549228e-01   5.7267106e-01   3.1686055e-02
   3.0101850e-01   5.8789936e-01   3.5723937e-02
   3.0685728e-01   5.5625621e-01   3.9895818e-02
   3.1279679e-01   6.6331416e-01   4.6449318e-02
   3.1884569e-01   5.9114807e-01   5.5796464e-02
   3.2495885e-01   5.8492586e-01   7.5132670e-02
   3.3102615e-01   6.4327355e-01   1.4329195e-01
   3.3669764e-01   5.7927265e-01   3.6081340e-02
