   1.6783700e-03   3.6128788e+02   7.0440749e+00
   1.8929300e-03   3.6573392e+02   2.8678071e+01
   2.1146600e-03   3.7120265e+02   2.3967749e+01
   2.3251900e-03   4.2625901e+02   2.5810365e+01
   2.5238900e-03   4.8935656e+02   2.7926390e+01
   2.7264400e-03   5.1161571e+02   2.7895917e+01
   2.9309200e-03   6.1129027e+02   2.5467800e+01
   3.1618300e-03   7.0198199e+02   2.1306924e+01
   3.4163900e-03   9.8152342e+02   2.3900335e+01
   3.6535800e-03   1.3045664e+03   2.9273480e+01
   3.8938200e-03   1.9094117e+03   2.9520992e+01
   4.1541600e-03   2.4820110e+03   2.9869540e+01
   4.4146500e-03   2.7800256e+03   3.4260457e+01
   4.6525800e-03   2.7491816e+03   3.9053950e+01
   4.8790800e-03   2.1748149e+03   3.5951288e+01
   5.1146400e-03   1.4871682e+03   2.7338316e+01
   5.3623500e-03   9.5250973e+02   2.1052123e+01
   5.6063500e-03   5.3328130e+02   1.7605293e+01
   5.8447000e-03   3.0826577e+02   1.3783274e+01
   6.0916900e-03   2.3006600e+02   1.0787494e+01
   6.3326200e-03   1.3729072e+02   9.3919539e+00
   6.5664000e-03   1.1153999e+02   7.3681665e+00
   6.8224300e-03   8.6507324e+01   5.1710034e+00
   7.0875800e-03   5.0676116e+01   4.2290486e+00
   7.3447100e-03   3.5096052e+01   3.6579394e+00
   7.6014700e-03   2.7823019e+01   2.9896695e+00
   7.8695100e-03   1.7771500e+01   2.2809563e+00
   8.1507000e-03   1.4164554e+01   1.9966680e+00
   8.4220500e-03   1.1848697e+01   2.0730887e+00
   8.6829800e-03   1.8940266e+01   2.1786299e+00
   8.9481700e-03   2.1501110e+01   2.1965554e+00
   9.2155900e-03   2.6356888e+01   2.1319830e+00
   9.5018300e-03   2.6762611e+01   1.9357577e+00
   9.7941800e-03   3.0850488e+01   2.1124836e+00
   1.0069740e-02   2.4933078e+01   2.1716347e+00
   1.0353630e-02   2.8644568e+01   1.9544035e+00
   1.0652880e-02   2.1717448e+01   1.7816334e+00
   1.0948780e-02   2.2432444e+01   1.7379116e+00
   1.1247970e-02   1.6978391e+01   1.5186846e+00
   1.1562830e-02   1.6089366e+01   1.2931077e+00
   1.1888950e-02   1.3306664e+01   1.1468420e+00
   1.2210650e-02   6.2106501e+00   1.0686116e+00
   1.2527240e-02   5.9431268e+00   9.2678777e-01
   1.2864320e-02   5.1721315e+00   7.8706457e-01
   1.3199830e-02   3.9053049e+00   7.8010614e-01
   1.3521170e-02   3.4549921e+00   7.4274557e-01
   1.3863540e-02   3.1442910e+00   6.5928360e-01
   1.4215570e-02   4.4841752e+00   7.0013708e-01
   1.4554410e-02   4.0939650e+00   7.5419768e-01
   1.4904520e-02   6.5793769e+00   7.5301643e-01
   1.5267470e-02   6.1011812e+00   7.6864979e-01
   1.5629920e-02   6.8751907e+00   7.9887876e-01
   1.5998810e-02   7.4703253e+00   8.4019762e-01
   1.6372960e-02   4.7742753e+00   8.9586139e-01
   1.6751470e-02   7.4214949e+00   9.2904086e-01
   1.7138840e-02   5.1650374e+00   9.2157944e-01
   1.7533750e-02   3.7626214e+00   8.8926129e-01
   1.7939780e-02   3.2932917e+00   8.7083751e-01
   1.8350390e-02   4.3535432e+00   8.6383462e-01
   1.8765720e-02   1.1759191e+00   8.5653455e-01
   1.9188210e-02   4.4585800e-01   8.5535391e-01
   1.9619630e-02   3.2835631e+00   9.0456511e-01
   2.0054290e-02  -1.8699476e-01   9.8151406e-01
   2.0496790e-02   2.1095871e+00   1.1674737e+00
   2.0937060e-02   2.3573156e+00   1.5378504e+00
   2.1384150e-02  -4.5933338e-02   2.1472275e+00
   2.1833090e-02   7.2286339e+00   3.0421931e+00
   2.2254910e-02  -4.9688688e+00   1.4762601e+00
   2.2919340e-02   4.0620424e+00   8.3186899e-01
   2.3525890e-02   1.9512919e+00   5.5550270e-01
   2.4258310e-02   7.9019897e-01   3.3209818e-01
   2.5140230e-02   1.3493791e+00   2.6370414e-01
   2.6090430e-02   1.1735365e+00   2.9199673e-01
   2.6758010e-02   7.6437041e-01   3.3288379e-01
   2.7575200e-02   1.2044852e+00   4.1430024e-01
   2.8236650e-02   1.2237830e+00   4.1774271e-01
   2.9050630e-02   1.3157220e+00   2.5288060e-01
   2.9884550e-02   6.4187060e-01   2.0841303e-01
   3.0870610e-02   9.3027799e-01   1.6395694e-01
   3.1883360e-02   6.8043140e-01   1.5424481e-01
   3.2795690e-02   7.9108624e-01   2.0391758e-01
   3.3651520e-02   8.7603946e-01   2.2156255e-01
   3.4574120e-02   7.1996624e-01   1.7751022e-01
   3.5472640e-02   7.2604036e-01   1.8802307e-01
   3.6419380e-02   1.0048325e+00   1.7343565e-01
   3.7397290e-02   5.4866516e-01   1.7802619e-01
   3.8227670e-02   7.7006374e-01   1.9158838e-01
   3.9200040e-02   7.5020238e-01   1.5330884e-01
   4.0267640e-02   7.6472937e-01   1.1951730e-01
   4.1367190e-02   7.1470529e-01   1.1808891e-01
   4.2525330e-02   7.4530049e-01   1.4727178e-01
   4.3404720e-02   6.1936253e-01   1.6457238e-01
   4.4433780e-02   6.5403903e-01   1.3142248e-01
   4.5569820e-02   7.0137906e-01   1.2420728e-01
   4.6620950e-02   7.2919018e-01   1.1657607e-01
   4.7822890e-02   5.5193337e-01   1.1661135e-01
   4.8940830e-02   7.6290585e-01   1.0775427e-01
   5.0166990e-02   6.0334016e-01   1.1539278e-01
   5.1323550e-02   8.2385676e-01   1.2414708e-01
   5.2417940e-02   5.0041438e-01   1.1418382e-01
   5.3700040e-02   8.0392435e-01   1.1788658e-01
   5.4788280e-02   6.9834434e-01   1.2440920e-01
   5.6003720e-02   6.1110898e-01   1.2139066e-01
   5.7191730e-02   7.6584660e-01   1.0627469e-01
   5.8516320e-02   6.1460172e-01   8.7025497e-02
   5.9960020e-02   6.8973180e-01   9.1154859e-02
   6.1225430e-02   7.3261297e-01   9.8729021e-02
   6.2667220e-02   5.3928205e-01   8.3701031e-02
   6.4068150e-02   8.4799376e-01   8.9176913e-02
   6.5518660e-02   5.9352122e-01   9.5193312e-02
   6.6834460e-02   8.0696286e-01   9.7021821e-02
   6.8308110e-02   6.1135924e-01   8.9703024e-02
   6.9729570e-02   7.0480661e-01   8.5349506e-02
   7.1282630e-02   7.0178490e-01   8.3666697e-02
   7.2759060e-02   6.9149782e-01   8.1197334e-02
   7.4383050e-02   6.8229898e-01   7.7369611e-02
   7.5924760e-02   6.3040319e-01   8.7606063e-02
   7.7456720e-02   6.4960252e-01   7.8327537e-02
   7.9152480e-02   8.4497630e-01   7.5369969e-02
   8.0786800e-02   6.3635089e-01   7.2318672e-02
   8.2544470e-02   6.5638552e-01   7.7233446e-02
   8.4155650e-02   8.3172798e-01   7.5120761e-02
   8.5972800e-02   4.4724211e-01   6.9259400e-02
   8.7706250e-02   8.8857624e-01   7.7942217e-02
   8.9450440e-02   6.5311851e-01   6.6020355e-02
   9.1415810e-02   7.3234636e-01   6.4616803e-02
   9.3241010e-02   6.4205173e-01   6.8157895e-02
   9.5137960e-02   6.7993260e-01   6.0311420e-02
   9.7191700e-02   6.7753434e-01   6.2353813e-02
   9.9072180e-02   6.5038383e-01   6.6858103e-02
   1.0107387e-01   7.3928778e-01   5.7764196e-02
   1.0321866e-01   6.6261436e-01   5.8251818e-02
   1.0526029e-01   6.7143477e-01   6.0623215e-02
   1.0736591e-01   6.4997565e-01   5.5329234e-02
   1.0960245e-01   7.6737278e-01   5.3827589e-02
   1.1181770e-01   6.6450480e-01   5.5944925e-02
   1.1402125e-01   6.4419751e-01   5.5694746e-02
   1.1627293e-01   6.4571159e-01   5.1786191e-02
   1.1864766e-01   6.6182250e-01   4.8148603e-02
   1.2108784e-01   6.4188842e-01   4.7846765e-02
   1.2352229e-01   7.4222037e-01   4.9726216e-02
   1.2594785e-01   6.3085225e-01   5.0466263e-02
   1.2837363e-01   5.8063757e-01   4.9250580e-02
   1.3090891e-01   7.6634791e-01   4.5294503e-02
   1.3355842e-01   6.4748304e-01   4.3135835e-02
   1.3625455e-01   5.7855280e-01   4.1565640e-02
   1.3901428e-01   6.7286098e-01   4.2607514e-02
   1.4173130e-01   6.7509237e-01   4.3497678e-02
   1.4451538e-01   6.2880089e-01   4.0807841e-02
   1.4740589e-01   6.3351005e-01   3.9215183e-02
   1.5034654e-01   6.4266134e-01   3.8948817e-02
   1.5331398e-01   6.7402238e-01   3.9009158e-02
   1.5632392e-01   6.2054881e-01   3.8293730e-02
   1.5938311e-01   6.4201309e-01   3.7857075e-02
   1.6250607e-01   6.1033144e-01   3.6650752e-02
   1.6571816e-01   6.2063068e-01   3.6782982e-02
   1.6892924e-01   6.2834661e-01   3.6526317e-02
   1.7225442e-01   5.9677365e-01   3.5440473e-02
   1.7562111e-01   6.4002818e-01   3.5576354e-02
   1.7906112e-01   5.8700847e-01   3.4596748e-02
   1.8260599e-01   6.1515206e-01   3.4568150e-02
   1.8618836e-01   6.2289505e-01   3.5250365e-02
   1.8979805e-01   5.3756791e-01   3.5052682e-02
   1.9351739e-01   6.2450633e-01   3.3945054e-02
   1.9734449e-01   5.9727171e-01   3.3564931e-02
   2.0122145e-01   5.9217608e-01   3.4606164e-02
   2.0509745e-01   5.6688355e-01   3.4669248e-02
   2.0909340e-01   6.2917262e-01   3.3514415e-02
   2.1318848e-01   5.5791399e-01   3.3341486e-02
   2.1735228e-01   5.5138773e-01   3.3227374e-02
   2.2156870e-01   6.2076671e-01   3.3179590e-02
   2.2589656e-01   6.0123922e-01   3.2727251e-02
   2.3028897e-01   5.2275719e-01   3.1924632e-02
   2.3481682e-01   6.0399776e-01   3.2307779e-02
   2.3931782e-01   5.6325189e-01   3.2461247e-02
   2.4399259e-01   5.7692591e-01   3.1767758e-02
   2.4869816e-01   5.8710817e-01   3.1939737e-02
   2.5353284e-01   5.7378376e-01   3.0560695e-02
   2.5853466e-01   5.7702681e-01   3.0562942e-02
   2.6354365e-01   5.5132349e-01   3.1106347e-02
   2.6860831e-01   5.8639957e-01   3.1055626e-02
   2.7380787e-01   5.9034241e-01   3.0084196e-02
   2.7916736e-01   5.5861142e-01   2.9614203e-02
   2.8458158e-01   5.5914138e-01   2.9738509e-02
   2.9009959e-01   5.9416256e-01   2.9304745e-02
   2.9574946e-01   5.7253594e-01   3.0884012e-02
   3.0128049e-01   5.0942892e-01   3.4773520e-02
   3.0712435e-01   6.0944906e-01   3.9000352e-02
   3.1306903e-01   6.2088417e-01   4.5034005e-02
   3.1912319e-01   4.7760726e-01   5.3928186e-02
   3.2524168e-01   6.2801146e-01   7.3179430e-02
   3.3131426e-01   5.8871374e-01   1.3947756e-01
   3.3699068e-01   5.5574033e-01   3.5158240e-02
